t # 0
v 7 1
v 0 5
v 41 3
v 37 2
v 21 0
v 33 2
v 6 3
v 39 2
v 34 3
v 35 2
v 38 3
v 10 2
v 19 3
v 1 2
v 28 3
v 30 2
v 36 3
v 23 2
v 31 3
v 4 2
v 8 3
v 22 2
v 17 3
v 11 2
v 9 3
v 12 2
v 42 3
v 24 2
v 14 3
v 20 2
v 25 3
v 18 2
v 2 3
v 16 2
v 27 3
v 32 2
v 3 3
v 40 2
v 15 3
v 5 2
v 26 3
v 13 6
v 29 4
e 7 0 1
e 0 41 1
e 21 37 1
e 41 37 1
e 37 33 1
e 6 33 1
e 0 6 1
e 33 39 1
e 34 39 1
e 0 34 1
e 39 35 1
e 38 35 1
e 0 38 1
e 35 10 1
e 19 10 1
e 0 19 1
e 10 1 1
e 28 1 1
e 0 28 1
e 1 30 1
e 36 30 1
e 0 36 1
e 30 23 1
e 31 23 1
e 0 31 1
e 23 4 1
e 8 4 1
e 0 8 1
e 4 22 1
e 17 22 1
e 0 17 1
e 22 11 1
e 9 11 1
e 0 9 1
e 11 12 1
e 42 12 1
e 0 42 1
e 12 24 1
e 14 24 1
e 0 14 1
e 24 20 1
e 25 20 1
e 0 25 1
e 20 18 1
e 2 18 1
e 0 2 1
e 18 16 1
e 27 16 1
e 0 27 1
e 16 32 1
e 3 32 1
e 0 3 1
e 32 40 1
e 15 40 1
e 0 15 1
e 40 5 1
e 26 5 1
e 0 26 1
e 5 13 1
e 13 29 1
t # 1
v 4 6
v 2 8
v 0 7
v 1 9
v 5 6
v 3 10
v 6 4
e 2 4 1
e 4 0 1
e 0 1 1
e 1 5 1
e 5 3 1
e 0 6 1
t # 2
v 8 4
v 13 16
v 9 15
v 10 11
v 6 12
v 3 14
v 12 4
v 7 13
v 0 4
v 5 4
v 4 4
v 1 4
v 14 4
v 2 6
v 11 0
e 13 8 1
e 9 13 1
e 2 9 1
e 9 10 1
e 10 6 1
e 6 3 1
e 7 12 1
e 3 7 1
e 7 0 1
e 7 5 1
e 7 4 1
e 7 1 1
e 7 14 1
e 11 2 1
t # 3
v 0 4
v 16 16
v 9 15
v 15 11
v 18 12
v 12 14
v 3 4
v 11 13
v 7 4
v 13 4
v 10 4
v 2 4
v 1 4
v 14 6
v 5 2
v 4 14
v 6 12
v 8 0
v 17 0
e 16 0 1
e 9 16 1
e 14 9 1
e 9 15 1
e 15 18 1
e 18 12 1
e 11 3 1
e 12 11 1
e 11 7 1
e 11 13 1
e 11 10 1
e 11 2 1
e 11 1 1
e 5 14 1
e 4 5 1
e 17 5 1
e 6 4 1
e 8 6 1
t # 4
v 2 0
v 0 6
v 1 12
v 3 10
e 2 0 1
e 0 1 1
e 1 3 1
t # 5
v 16 0
v 14 2
v 27 6
v 9 0
v 35 2
v 21 6
v 13 0
v 50 2
v 32 6
v 38 0
v 43 2
v 10 6
v 46 0
v 1 2
v 52 16
v 25 12
v 51 6
v 34 0
v 42 25
v 31 24
v 44 22
v 6 16
v 24 12
v 40 26
v 49 25
v 26 21
v 36 25
v 20 23
v 47 17
v 5 21
v 7 18
v 3 10
v 22 10
v 28 25
v 37 26
v 8 19
v 23 25
v 18 26
v 48 25
v 2 6
v 17 25
v 39 12
v 45 10
v 12 16
v 15 25
v 11 19
v 53 16
v 0 6
v 33 20
v 29 18
v 41 14
v 4 12
v 19 10
v 30 6
e 30 14 1
e 27 14 1
e 9 27 1
e 14 35 1
e 21 35 1
e 13 21 1
e 35 50 1
e 32 50 1
e 38 32 1
e 50 43 1
e 10 43 1
e 46 10 1
e 43 1 1
e 52 1 1
e 25 52 1
e 51 25 1
e 34 51 1
e 20 42 1
e 31 42 1
e 7 31 1
e 7 44 1
e 36 44 1
e 2 44 1
e 53 44 1
e 6 44 1
e 15 44 1
e 18 44 1
e 37 44 1
e 17 44 1
e 24 6 1
e 40 24 1
e 49 40 1
e 20 49 1
e 31 49 1
e 20 26 1
e 20 36 1
e 31 36 1
e 1 20 1
e 20 47 1
e 47 5 1
e 5 7 1
e 20 3 1
e 20 22 1
e 20 28 1
e 31 28 1
e 28 37 1
e 37 8 1
e 20 23 1
e 31 23 1
e 23 18 1
e 20 48 1
e 31 48 1
e 48 2 1
e 20 17 1
e 31 17 1
e 20 39 1
e 39 45 1
e 26 12 1
e 12 15 1
e 31 15 1
e 40 11 1
e 0 53 1
e 33 0 1
e 29 33 1
e 42 29 1
e 44 41 1
e 41 4 1
e 4 19 1
e 16 30 1
t # 6
v 10 0
v 6 6
v 7 25
v 0 6
v 4 27
v 9 2
v 1 28
v 2 6
v 5 27
v 3 10
v 8 6
e 10 6 1
e 0 7 1
e 6 7 1
e 4 0 1
e 7 9 1
e 1 9 1
e 2 1 1
e 5 2 1
e 8 3 1
e 9 8 1
t # 7
v 8 2
v 5 29
v 10 28
v 9 6
v 0 0
v 6 2
v 11 0
v 13 2
v 7 0
v 1 2
v 4 0
v 3 2
v 15 0
v 14 2
v 12 0
v 2 4
e 5 8 1
e 10 8 1
e 9 10 1
e 0 9 1
e 8 6 1
e 11 6 1
e 6 13 1
e 7 13 1
e 13 1 1
e 4 1 1
e 1 3 1
e 15 3 1
e 3 14 1
e 12 14 1
e 14 2 1
t # 8
v 0 16
v 2 0
v 1 30
e 2 0 1
e 0 1 1
t # 9
v 16 0
v 24 2
v 9 28
v 10 6
v 3 0
v 23 2
v 21 28
v 11 6
v 7 0
v 28 2
v 18 6
v 8 0
v 0 2
v 6 6
v 15 29
v 25 2
v 12 6
v 1 0
v 19 2
v 4 6
v 5 29
v 13 2
v 27 6
v 17 0
v 20 25
v 29 6
v 2 4
v 14 0
v 22 6
v 26 6
e 26 24 1
e 9 24 1
e 10 9 1
e 3 10 1
e 24 23 1
e 21 23 1
e 11 21 1
e 7 11 1
e 23 28 1
e 18 28 1
e 8 18 1
e 28 0 1
e 6 0 1
e 15 6 1
e 0 25 1
e 12 25 1
e 1 12 1
e 25 19 1
e 4 19 1
e 5 4 1
e 19 13 1
e 27 13 1
e 17 27 1
e 22 20 1
e 14 20 1
e 20 29 1
e 29 2 1
e 13 22 1
e 16 26 1
t # 10
v 2 31
v 1 14
v 3 6
v 0 0
v 4 4
e 1 2 1
e 3 1 1
e 0 3 1
e 2 4 1
t # 11
v 1 6
v 6 28
v 0 4
v 5 26
v 2 10
v 3 6
v 4 29
e 4 1 1
e 1 6 1
e 5 0 1
e 3 5 1
e 5 2 1
e 6 3 1
t # 12
v 2 26
v 0 32
v 1 10
v 3 10
e 0 2 1
e 2 1 1
e 2 3 1
t # 13
v 3 8
v 0 12
v 2 2
v 4 29
v 5 4
v 1 6
e 3 0 1
e 0 2 1
e 4 2 1
e 1 5 1
e 2 1 1
t # 14
v 0 30
v 2 20
v 3 29
v 4 29
v 1 29
e 2 0 1
e 3 2 1
e 4 2 1
e 1 2 1
t # 15
v 0 26
v 12 14
v 4 16
v 11 33
v 7 10
v 5 18
v 9 10
v 2 10
v 14 2
v 10 2
v 8 25
v 6 14
v 13 0
v 15 29
v 3 29
v 1 29
e 14 0 1
e 0 12 1
e 12 4 1
e 0 11 1
e 4 11 1
e 5 7 1
e 11 5 1
e 5 9 1
e 5 2 1
e 10 14 1
e 1 14 1
e 8 10 1
e 3 10 1
e 6 8 1
e 15 8 1
e 13 6 1
t # 16
v 15 18
v 5 20
v 13 14
v 8 16
v 16 10
v 7 6
v 2 25
v 11 14
v 3 0
v 17 34
v 1 29
v 0 31
v 6 6
v 14 2
v 18 26
v 9 0
v 4 10
v 12 0
v 10 29
e 2 15 1
e 15 5 1
e 5 13 1
e 13 8 1
e 7 16 1
e 8 7 1
e 11 2 1
e 17 2 1
e 3 11 1
e 1 17 1
e 0 17 1
e 10 17 1
e 6 0 1
e 14 6 1
e 18 14 1
e 12 14 1
e 9 18 1
e 18 4 1
t # 17
v 2 0
v 1 6
v 3 28
v 4 6
v 5 3
v 6 6
v 0 10
e 2 1 1
e 1 3 1
e 3 4 1
e 4 5 1
e 5 6 1
e 6 0 1
t # 18
v 0 0
v 7 26
v 5 2
v 3 31
v 2 25
v 1 8
v 6 12
v 4 30
e 0 7 1
e 7 5 1
e 3 5 1
e 7 3 1
e 5 2 1
e 1 2 1
e 2 6 1
e 6 4 1
t # 19
v 0 8
v 9 35
v 7 10
v 1 10
v 2 14
v 5 33
v 4 18
v 6 10
v 8 12
v 3 10
e 0 9 1
e 9 7 1
e 9 1 1
e 9 2 1
e 4 5 1
e 2 4 1
e 4 6 1
e 5 8 1
e 8 3 1
t # 20
v 1 1
v 0 12
v 2 10
e 1 0 1
e 0 2 1
t # 21
v 2 6
v 6 7
v 5 31
v 1 6
v 0 10
v 4 10
v 3 0
e 3 2 1
e 2 6 1
e 6 5 1
e 5 1 1
e 1 0 1
e 6 4 1
t # 22
v 0 32
v 1 36
e 0 1 1
t # 23
v 0 32
v 2 6
v 1 19
e 0 2 1
e 2 1 1
t # 24
v 3 0
v 2 12
v 0 33
v 7 12
v 6 0
v 4 14
v 1 10
v 5 6
e 3 2 1
e 2 0 1
e 7 0 1
e 6 7 1
e 0 4 1
e 5 1 1
e 4 5 1
t # 25
v 30 1
v 8 37
v 7 3
v 34 2
v 35 2
v 9 29
v 1 3
v 20 2
v 16 3
v 21 2
v 0 3
v 17 2
v 10 3
v 24 2
v 6 3
v 4 2
v 12 3
v 23 2
v 27 3
v 19 2
v 14 3
v 18 2
v 26 3
v 3 2
v 25 3
v 28 2
v 11 3
v 15 2
v 5 3
v 13 2
v 22 3
v 33 2
v 32 3
v 29 2
v 2 3
v 31 6
v 36 4
e 30 8 1
e 8 7 1
e 35 34 1
e 7 34 1
e 9 35 1
e 1 35 1
e 8 1 1
e 34 20 1
e 16 20 1
e 8 16 1
e 20 21 1
e 0 21 1
e 8 0 1
e 21 17 1
e 10 17 1
e 8 10 1
e 17 24 1
e 6 24 1
e 8 6 1
e 24 4 1
e 12 4 1
e 8 12 1
e 4 23 1
e 27 23 1
e 8 27 1
e 23 19 1
e 14 19 1
e 8 14 1
e 19 18 1
e 26 18 1
e 8 26 1
e 18 3 1
e 25 3 1
e 8 25 1
e 3 28 1
e 11 28 1
e 8 11 1
e 28 15 1
e 5 15 1
e 8 5 1
e 15 13 1
e 22 13 1
e 8 22 1
e 13 33 1
e 32 33 1
e 8 32 1
e 33 29 1
e 2 29 1
e 8 2 1
e 29 31 1
e 31 36 1
t # 26
v 1 29
v 5 39
v 4 29
v 7 38
v 3 14
v 2 36
v 6 26
v 0 10
e 4 5 1
e 1 5 1
e 5 7 1
e 5 3 1
e 6 2 1
e 3 6 1
e 6 0 1
t # 27
v 2 0
v 4 31
v 1 6
v 0 25
v 5 1
v 3 10
v 6 6
e 6 4 1
e 4 1 1
e 1 0 1
e 5 0 1
e 0 3 1
e 2 6 1
t # 28
v 2 29
v 0 26
v 3 10
v 1 10
e 2 0 1
e 0 3 1
e 0 1 1
t # 29
v 13 41
v 5 40
v 16 19
v 23 12
v 20 14
v 1 4
v 7 26
v 2 4
v 18 2
v 12 6
v 10 34
v 19 29
v 4 2
v 8 6
v 3 14
v 17 12
v 0 7
v 6 6
v 14 0
v 21 14
v 15 26
v 11 19
v 22 0
v 9 0
e 18 13 1
e 13 5 1
e 13 16 1
e 5 23 1
e 23 20 1
e 7 1 1
e 20 7 1
e 7 2 1
e 12 18 1
e 9 18 1
e 10 12 1
e 19 10 1
e 4 10 1
e 22 10 1
e 15 4 1
e 8 4 1
e 3 8 1
e 17 3 1
e 0 17 1
e 6 0 1
e 14 6 1
e 0 21 1
e 21 15 1
e 15 11 1
t # 30
v 3 10
v 1 6
v 2 42
v 0 32
e 1 3 1
e 2 1 1
e 0 2 1
t # 31
v 1 10
v 4 2
v 3 31
v 2 26
v 0 1
e 4 1 1
e 2 4 1
e 3 4 1
e 2 3 1
e 0 2 1
t # 32
v 5 26
v 8 33
v 9 10
v 2 26
v 4 10
v 6 2
v 1 25
v 7 14
v 10 0
v 3 29
v 0 29
e 6 5 1
e 5 8 1
e 2 9 1
e 8 2 1
e 2 4 1
e 1 6 1
e 0 6 1
e 7 1 1
e 3 1 1
e 10 7 1
t # 33
v 13 4
v 31 16
v 3 46
v 28 45
v 22 43
v 27 19
v 12 6
v 24 6
v 29 2
v 11 6
v 30 2
v 21 0
v 25 2
v 5 6
v 18 14
v 16 12
v 15 7
v 23 6
v 17 0
v 19 14
v 2 6
v 8 0
v 33 19
v 9 12
v 6 14
v 20 4
v 14 44
v 4 4
v 7 4
v 10 4
v 0 4
v 26 4
v 32 4
v 1 4
e 31 13 1
e 3 31 1
e 22 3 1
e 22 28 1
e 24 22 1
e 12 27 1
e 22 12 1
e 29 24 1
e 11 29 1
e 8 29 1
e 30 11 1
e 21 30 1
e 25 30 1
e 2 25 1
e 5 25 1
e 18 5 1
e 16 18 1
e 15 16 1
e 23 15 1
e 17 23 1
e 15 19 1
e 19 2 1
e 22 33 1
e 28 9 1
e 9 6 1
e 14 20 1
e 6 14 1
e 14 4 1
e 14 7 1
e 14 10 1
e 14 0 1
e 14 26 1
e 14 32 1
e 14 1 1
t # 34
v 2 32
v 1 26
v 3 36
v 0 10
e 2 1 1
e 1 3 1
e 1 0 1
t # 35
v 1 29
v 0 6
v 2 10
e 1 0 1
e 0 2 1
t # 36
v 11 8
v 5 16
v 7 2
v 19 6
v 9 31
v 20 47
v 23 48
v 17 10
v 22 10
v 10 10
v 24 33
v 4 7
v 1 31
v 15 6
v 21 25
v 8 16
v 2 18
v 3 31
v 6 6
v 13 10
v 12 14
v 14 12
v 16 10
v 18 10
v 0 10
e 20 5 1
e 5 7 1
e 19 7 1
e 9 19 1
e 20 9 1
e 23 20 1
e 11 23 1
e 23 17 1
e 23 22 1
e 23 10 1
e 20 24 1
e 7 24 1
e 24 4 1
e 4 1 1
e 1 15 1
e 15 21 1
e 8 21 1
e 4 8 1
e 21 2 1
e 2 3 1
e 3 6 1
e 6 13 1
e 2 12 1
e 12 14 1
e 14 16 1
e 2 18 1
e 20 0 1
t # 37
v 17 0
v 0 33
v 24 12
v 22 0
v 12 26
v 25 31
v 9 10
v 2 44
v 30 10
v 1 10
v 11 10
v 7 10
v 10 10
v 19 10
v 27 10
v 6 12
v 21 25
v 18 7
v 20 0
v 29 14
v 14 25
v 26 6
v 16 10
v 8 44
v 4 10
v 28 10
v 13 10
v 23 10
v 15 10
v 5 10
v 3 10
e 24 0 1
e 17 0 1
e 22 24 1
e 0 12 1
e 12 25 1
e 2 9 1
e 25 2 1
e 2 30 1
e 2 1 1
e 2 11 1
e 2 7 1
e 2 10 1
e 2 19 1
e 2 27 1
e 12 6 1
e 18 21 1
e 6 21 1
e 20 18 1
e 18 29 1
e 26 14 1
e 29 14 1
e 21 26 1
e 8 16 1
e 14 8 1
e 8 4 1
e 8 28 1
e 8 13 1
e 8 23 1
e 8 15 1
e 8 5 1
e 8 3 1
t # 38
v 2 10
v 4 26
v 0 0
v 5 31
v 1 6
v 3 10
e 4 2 1
e 0 4 1
e 4 5 1
e 5 1 1
e 1 3 1
t # 39
v 13 8
v 7 16
v 1 2
v 15 6
v 22 31
v 14 47
v 18 48
v 3 10
v 2 10
v 19 10
v 11 33
v 5 7
v 17 31
v 12 6
v 4 25
v 9 16
v 0 26
v 10 31
v 16 6
v 20 10
v 8 14
v 6 12
v 23 10
v 21 10
e 14 7 1
e 7 1 1
e 15 1 1
e 22 15 1
e 14 22 1
e 18 14 1
e 13 18 1
e 18 3 1
e 18 2 1
e 18 19 1
e 14 11 1
e 1 11 1
e 11 5 1
e 5 17 1
e 17 12 1
e 12 4 1
e 9 4 1
e 5 9 1
e 4 0 1
e 0 10 1
e 10 16 1
e 16 20 1
e 0 8 1
e 8 6 1
e 6 23 1
e 14 21 1
t # 40
v 1 29
v 3 49
v 10 29
v 5 29
v 9 29
v 14 29
v 13 29
v 18 29
v 2 29
v 12 29
v 11 29
v 7 29
v 4 29
v 6 29
v 17 29
v 19 29
v 20 29
v 21 29
v 15 26
v 0 10
v 16 12
v 8 10
e 10 3 1
e 2 3 1
e 21 3 1
e 7 3 1
e 4 3 1
e 13 3 1
e 14 3 1
e 20 3 1
e 1 3 1
e 5 3 1
e 9 3 1
e 19 3 1
e 6 3 1
e 17 3 1
e 12 3 1
e 11 3 1
e 18 3 1
e 3 15 1
e 15 0 1
e 15 16 1
e 16 8 1
t # 41
v 6 6
v 9 7
v 1 31
v 4 2
v 8 7
v 2 33
v 3 2
v 7 26
v 5 10
v 0 0
e 0 6 1
e 6 9 1
e 9 1 1
e 9 4 1
e 1 4 1
e 7 8 1
e 3 2 1
e 8 2 1
e 8 3 1
e 7 3 1
e 4 7 1
e 2 5 1
t # 42
v 1 7
v 4 6
v 8 0
v 7 31
v 11 6
v 0 10
v 2 25
v 12 7
v 10 0
v 6 14
v 9 25
v 3 6
v 5 6
v 13 10
e 4 1 1
e 8 4 1
e 1 7 1
e 7 11 1
e 11 0 1
e 12 2 1
e 1 2 1
e 10 12 1
e 12 6 1
e 3 9 1
e 6 9 1
e 2 3 1
e 9 5 1
e 5 13 1
t # 43
v 33 0
v 54 3
v 12 7
v 42 2
v 58 14
v 40 3
v 64 0
v 48 2
v 9 0
v 14 2
v 5 0
v 59 34
v 11 0
v 62 7
v 55 2
v 35 2
v 13 2
v 66 0
v 0 0
v 8 0
v 50 2
v 68 51
v 38 2
v 56 7
v 37 14
v 47 52
v 4 12
v 57 33
v 31 6
v 34 0
v 1 6
v 60 29
v 46 4
v 61 2
v 53 0
v 36 6
v 67 14
v 26 16
v 17 2
v 27 6
v 10 14
v 65 16
v 45 14
v 6 26
v 7 14
v 30 4
v 32 6
v 63 2
v 41 6
v 23 6
v 28 6
v 43 34
v 20 6
v 21 2
v 52 31
v 25 3
v 15 50
v 18 31
v 2 3
v 51 6
v 22 6
v 29 16
v 24 2
v 44 29
v 16 4
v 3 18
v 49 10
v 19 4
v 39 6
e 33 54 1
e 54 12 1
e 12 42 1
e 58 42 1
e 40 58 1
e 64 40 1
e 42 48 1
e 9 48 1
e 48 14 1
e 5 14 1
e 14 59 1
e 11 59 1
e 62 59 1
e 55 62 1
e 35 55 1
e 8 55 1
e 13 35 1
e 0 35 1
e 12 13 1
e 66 13 1
e 62 50 1
e 68 50 1
e 38 68 1
e 59 38 1
e 56 38 1
e 37 56 1
e 47 37 1
e 4 47 1
e 57 4 1
e 31 57 1
e 1 57 1
e 34 31 1
e 60 1 1
e 56 46 1
e 53 61 1
e 68 61 1
e 61 36 1
e 36 67 1
e 67 26 1
e 39 17 1
e 27 17 1
e 10 27 1
e 65 10 1
e 45 65 1
e 6 45 1
e 7 6 1
e 68 7 1
e 6 30 1
e 17 32 1
e 41 63 1
e 32 63 1
e 23 41 1
e 28 23 1
e 43 28 1
e 15 43 1
e 51 43 1
e 20 43 1
e 21 20 1
e 18 21 1
e 52 21 1
e 25 52 1
e 15 25 1
e 50 15 1
e 15 18 1
e 15 2 1
e 2 51 1
e 63 22 1
e 22 29 1
e 29 24 1
e 44 24 1
e 3 16 1
e 24 3 1
e 3 49 1
e 3 19 1
e 26 39 1
t # 44
v 3 16
v 10 53
v 29 2
v 11 6
v 23 0
v 19 6
v 16 0
v 8 16
v 0 12
v 27 0
v 24 0
v 25 16
v 17 12
v 21 6
v 9 0
v 4 46
v 13 46
v 18 41
v 5 10
v 6 10
v 15 16
v 20 54
v 28 47
v 12 14
v 14 12
v 2 26
v 22 12
v 1 10
v 7 14
v 26 10
e 10 3 1
e 29 10 1
e 8 10 1
e 24 10 1
e 25 10 1
e 11 29 1
e 19 29 1
e 23 11 1
e 16 19 1
e 0 8 1
e 27 0 1
e 17 25 1
e 21 17 1
e 9 21 1
e 18 4 1
e 18 13 1
e 3 18 1
e 18 5 1
e 18 6 1
e 13 15 1
e 28 20 1
e 15 20 1
e 12 28 1
e 14 12 1
e 4 14 1
e 20 2 1
e 2 22 1
e 22 1 1
e 2 7 1
e 7 26 1
t # 45
v 5 0
v 2 6
v 0 25
v 1 1
v 3 39
v 4 1
v 7 38
v 6 10
e 5 2 1
e 2 0 1
e 1 0 1
e 4 3 1
e 0 3 1
e 3 7 1
e 3 6 1
t # 46
v 7 0
v 13 28
v 0 2
v 3 53
v 16 6
v 5 0
v 4 28
v 9 6
v 1 6
v 2 28
v 14 18
v 10 6
v 15 28
v 6 0
v 12 6
v 11 4
v 8 6
e 8 13 1
e 3 0 1
e 13 0 1
e 16 3 1
e 2 3 1
e 15 3 1
e 4 3 1
e 5 16 1
e 9 4 1
e 14 9 1
e 14 1 1
e 1 2 1
e 6 14 1
e 14 10 1
e 10 15 1
e 0 12 1
e 12 11 1
e 7 8 1
t # 47
v 11 15
v 5 55
v 6 46
v 1 16
v 7 54
v 9 47
v 17 14
v 12 12
v 4 26
v 13 10
v 2 12
v 8 10
v 0 3
v 3 14
v 10 12
v 15 0
v 16 10
v 14 10
e 0 11 1
e 11 5 1
e 11 6 1
e 6 1 1
e 9 7 1
e 1 7 1
e 17 9 1
e 12 17 1
e 5 12 1
e 7 4 1
e 4 13 1
e 4 2 1
e 2 8 1
e 3 0 1
e 10 3 1
e 15 10 1
e 11 16 1
e 11 14 1
t # 48
v 13 1
v 9 24
v 15 3
v 19 2
v 16 2
v 7 29
v 5 3
v 11 2
v 14 3
v 3 2
v 17 3
v 20 2
v 2 3
v 10 2
v 12 3
v 8 2
v 4 3
v 6 2
v 0 3
v 1 6
v 18 4
e 13 9 1
e 9 15 1
e 16 19 1
e 15 19 1
e 7 16 1
e 5 16 1
e 9 5 1
e 19 11 1
e 14 11 1
e 9 14 1
e 11 3 1
e 17 3 1
e 9 17 1
e 3 20 1
e 2 20 1
e 9 2 1
e 20 10 1
e 12 10 1
e 9 12 1
e 10 8 1
e 4 8 1
e 9 4 1
e 8 6 1
e 0 6 1
e 9 0 1
e 6 1 1
e 1 18 1
t # 49
v 2 29
v 0 16
v 1 30
e 2 0 1
e 0 1 1
t # 50
v 4 8
v 3 25
v 6 3
v 0 0
v 1 6
v 2 12
v 5 10
e 4 3 1
e 6 3 1
e 0 6 1
e 3 1 1
e 1 2 1
e 2 5 1
t # 51
v 1 26
v 3 10
v 0 0
v 2 4
e 0 1 1
e 1 3 1
e 1 2 1
t # 52
v 4 6
v 20 6
v 26 33
v 19 6
v 21 28
v 1 6
v 2 7
v 9 2
v 3 53
v 7 2
v 5 2
v 17 56
v 22 0
v 15 57
v 11 28
v 24 6
v 10 2
v 12 2
v 18 7
v 0 2
v 13 31
v 6 6
v 14 14
v 8 33
v 23 26
v 25 12
v 16 10
e 0 4 1
e 4 20 1
e 20 26 1
e 19 26 1
e 21 19 1
e 1 21 1
e 2 1 1
e 9 2 1
e 15 9 1
e 3 9 1
e 24 3 1
e 17 3 1
e 7 3 1
e 5 7 1
e 17 7 1
e 17 5 1
e 22 17 1
e 17 15 1
e 17 11 1
e 11 24 1
e 17 10 1
e 2 12 1
e 10 12 1
e 12 18 1
e 18 0 1
e 13 0 1
e 6 13 1
e 18 6 1
e 26 14 1
e 23 8 1
e 14 23 1
e 8 25 1
e 25 16 1
t # 53
v 7 0
v 11 2
v 12 14
v 10 12
v 9 0
v 3 12
v 14 28
v 4 15
v 6 58
v 2 2
v 1 6
v 13 29
v 5 12
v 15 14
v 0 6
v 8 4
e 7 11 1
e 12 11 1
e 10 12 1
e 9 10 1
e 11 3 1
e 3 14 1
e 14 4 1
e 4 6 1
e 6 2 1
e 1 2 1
e 13 1 1
e 2 5 1
e 5 15 1
e 15 0 1
e 0 8 1
t # 54
v 22 4
v 21 16
v 4 46
v 12 45
v 25 59
v 14 6
v 24 2
v 28 6
v 31 2
v 26 0
v 11 2
v 17 6
v 2 14
v 5 12
v 0 7
v 13 6
v 29 0
v 3 14
v 19 6
v 8 0
v 1 19
v 15 12
v 27 14
v 9 4
v 16 44
v 30 4
v 20 4
v 7 4
v 6 4
v 10 4
v 23 4
v 18 4
e 21 22 1
e 4 21 1
e 25 4 1
e 25 12 1
e 14 25 1
e 24 14 1
e 28 24 1
e 8 24 1
e 31 28 1
e 26 31 1
e 11 31 1
e 19 11 1
e 17 11 1
e 2 17 1
e 5 2 1
e 0 5 1
e 13 0 1
e 29 13 1
e 0 3 1
e 3 19 1
e 25 1 1
e 12 15 1
e 15 27 1
e 16 9 1
e 27 16 1
e 16 30 1
e 16 20 1
e 16 7 1
e 16 6 1
e 16 10 1
e 16 23 1
e 16 18 1
t # 55
v 2 4
v 1 18
v 4 1
v 3 10
v 0 4
e 1 2 1
e 4 1 1
e 1 3 1
e 1 0 1
t # 56
v 0 30
v 1 8
e 1 0 1
t # 57
v 8 0
v 3 2
v 1 29
v 7 2
v 0 0
v 10 2
v 9 0
v 6 2
v 11 0
v 2 2
v 4 0
v 5 4
e 1 3 1
e 8 3 1
e 3 7 1
e 0 7 1
e 7 10 1
e 9 10 1
e 10 6 1
e 11 6 1
e 6 2 1
e 4 2 1
e 2 5 1
t # 58
v 0 6
v 4 32
v 2 25
v 1 1
v 3 10
e 4 0 1
e 0 2 1
e 1 2 1
e 2 3 1
t # 59
v 3 0
v 1 4
v 2 60
v 4 4
v 6 4
v 5 31
v 7 4
v 0 4
e 2 1 1
e 3 2 1
e 2 4 1
e 2 6 1
e 2 5 1
e 5 7 1
e 2 0 1
t # 60
v 1 27
v 0 14
v 11 25
v 12 26
v 2 14
v 6 27
v 16 10
v 10 6
v 7 25
v 8 1
v 17 20
v 3 2
v 13 25
v 19 6
v 18 0
v 4 6
v 20 0
v 5 18
v 14 10
v 15 6
v 9 6
e 1 0 1
e 12 11 1
e 9 11 1
e 2 12 1
e 6 2 1
e 12 16 1
e 11 10 1
e 5 7 1
e 8 7 1
e 5 17 1
e 3 17 1
e 7 17 1
e 13 3 1
e 5 3 1
e 19 13 1
e 4 13 1
e 18 19 1
e 20 4 1
e 10 5 1
e 15 14 1
e 17 15 1
e 0 9 1
t # 61
v 16 4
v 8 16
v 12 46
v 13 56
v 9 22
v 4 12
v 3 14
v 5 4
v 1 18
v 17 4
v 15 4
v 6 2
v 7 6
v 14 14
v 0 14
v 10 26
v 2 0
v 11 19
e 8 16 1
e 12 8 1
e 13 12 1
e 6 13 1
e 13 9 1
e 9 4 1
e 4 3 1
e 1 5 1
e 3 1 1
e 1 17 1
e 1 15 1
e 0 6 1
e 7 6 1
e 14 7 1
e 10 14 1
e 10 0 1
e 2 10 1
e 13 11 1
t # 62
v 5 2
v 15 61
v 13 44
v 14 12
v 12 2
v 4 6
v 9 33
v 0 29
v 7 29
v 6 14
v 10 6
v 2 4
v 11 0
v 3 14
v 8 12
v 1 0
e 11 5 1
e 3 5 1
e 13 15 1
e 5 13 1
e 15 14 1
e 14 12 1
e 4 12 1
e 9 4 1
e 0 9 1
e 7 9 1
e 12 6 1
e 6 10 1
e 10 2 1
e 8 3 1
e 1 8 1
t # 63
v 1 62
v 0 21
v 4 4
v 5 6
v 6 10
v 2 12
v 3 29
e 2 1 1
e 1 0 1
e 1 4 1
e 0 5 1
e 5 6 1
e 3 2 1
t # 64
v 0 12
v 1 0
v 2 10
e 1 0 1
e 0 2 1
t # 65
v 1 8
v 0 12
v 3 2
v 2 6
v 4 0
v 5 30
e 1 0 1
e 0 3 1
e 2 3 1
e 4 2 1
e 3 5 1
t # 66
v 6 27
v 7 14
v 5 25
v 4 6
v 2 0
v 1 10
v 0 6
v 3 6
e 6 7 1
e 3 5 1
e 4 5 1
e 2 4 1
e 0 1 1
e 5 0 1
e 7 3 1
t # 67
v 15 1
v 20 24
v 7 3
v 2 2
v 1 2
v 3 29
v 14 3
v 18 2
v 8 3
v 0 2
v 5 3
v 19 2
v 6 3
v 9 2
v 13 3
v 16 2
v 12 3
v 11 2
v 17 3
v 10 6
v 4 10
e 15 20 1
e 20 7 1
e 1 2 1
e 7 2 1
e 3 1 1
e 14 1 1
e 20 14 1
e 2 18 1
e 8 18 1
e 20 8 1
e 18 0 1
e 5 0 1
e 20 5 1
e 0 19 1
e 6 19 1
e 20 6 1
e 19 9 1
e 13 9 1
e 20 13 1
e 9 16 1
e 12 16 1
e 20 12 1
e 16 11 1
e 17 11 1
e 20 17 1
e 11 10 1
e 10 4 1
t # 68
v 2 0
v 4 4
v 3 18
v 1 4
v 0 4
e 3 4 1
e 2 3 1
e 3 1 1
e 3 0 1
t # 69
v 0 1
v 1 36
e 0 1 1
t # 70
v 12 0
v 8 12
v 7 14
v 0 7
v 2 2
v 6 31
v 4 6
v 3 4
v 5 6
v 1 53
v 11 0
v 10 0
v 9 0
e 5 8 1
e 8 7 1
e 7 0 1
e 6 2 1
e 0 2 1
e 0 6 1
e 2 4 1
e 4 3 1
e 1 5 1
e 12 1 1
e 11 1 1
e 10 1 1
e 9 1 1
t # 71
v 0 32
v 1 10
e 0 1 1
t # 72
v 13 0
v 2 39
v 22 6
v 1 0
v 57 19
v 55 2
v 64 6
v 45 0
v 50 2
v 39 6
v 32 0
v 47 2
v 19 6
v 42 0
v 20 2
v 48 6
v 78 0
v 43 2
v 9 6
v 63 0
v 67 2
v 34 16
v 53 12
v 36 6
v 24 0
v 0 2
v 65 6
v 62 0
v 66 2
v 76 6
v 5 0
v 12 2
v 37 6
v 25 0
v 74 26
v 40 63
v 16 65
v 6 66
v 38 25
v 69 25
v 23 64
v 14 18
v 46 25
v 59 67
v 49 65
v 33 33
v 54 16
v 31 25
v 10 6
v 17 25
v 7 16
v 72 6
v 26 25
v 68 16
v 8 6
v 77 25
v 58 6
v 21 16
v 73 25
v 3 6
v 51 25
v 4 6
v 41 25
v 70 16
v 61 18
v 18 25
v 71 60
v 11 25
v 52 16
v 35 6
v 29 16
v 75 25
v 56 10
v 44 10
v 28 18
v 30 14
v 27 12
v 15 10
v 60 6
e 60 2 1
e 22 2 1
e 1 22 1
e 2 57 1
e 2 55 1
e 64 55 1
e 45 64 1
e 55 50 1
e 39 50 1
e 32 39 1
e 50 47 1
e 19 47 1
e 42 19 1
e 47 20 1
e 48 20 1
e 78 48 1
e 20 43 1
e 9 43 1
e 63 9 1
e 43 67 1
e 34 67 1
e 53 34 1
e 36 53 1
e 24 36 1
e 67 0 1
e 65 0 1
e 62 65 1
e 0 66 1
e 76 66 1
e 5 76 1
e 66 12 1
e 37 12 1
e 25 37 1
e 12 74 1
e 74 40 1
e 40 16 1
e 28 6 1
e 59 38 1
e 6 38 1
e 59 69 1
e 6 69 1
e 8 23 1
e 10 23 1
e 58 23 1
e 71 23 1
e 35 23 1
e 4 23 1
e 28 23 1
e 61 23 1
e 75 23 1
e 3 23 1
e 14 23 1
e 72 23 1
e 38 23 1
e 69 23 1
e 46 14 1
e 59 46 1
e 6 46 1
e 74 59 1
e 59 49 1
e 59 33 1
e 33 54 1
e 6 31 1
e 54 31 1
e 31 10 1
e 59 17 1
e 6 17 1
e 17 7 1
e 7 72 1
e 59 26 1
e 6 26 1
e 26 68 1
e 68 8 1
e 59 77 1
e 6 77 1
e 77 58 1
e 59 21 1
e 6 73 1
e 21 73 1
e 73 3 1
e 59 51 1
e 6 51 1
e 51 4 1
e 59 41 1
e 6 41 1
e 41 70 1
e 70 61 1
e 59 18 1
e 6 18 1
e 18 71 1
e 59 11 1
e 6 11 1
e 11 52 1
e 52 35 1
e 49 29 1
e 29 75 1
e 6 75 1
e 59 56 1
e 59 44 1
e 16 28 1
e 23 30 1
e 30 27 1
e 27 15 1
e 13 60 1
t # 73
v 5 4
v 6 16
v 11 46
v 14 56
v 10 22
v 15 12
v 12 14
v 13 4
v 18 18
v 17 4
v 9 4
v 19 2
v 4 6
v 2 14
v 8 14
v 16 26
v 0 2
v 7 0
v 3 0
v 1 19
e 6 5 1
e 11 6 1
e 14 11 1
e 19 14 1
e 14 10 1
e 10 15 1
e 15 12 1
e 18 13 1
e 12 18 1
e 18 17 1
e 18 9 1
e 8 19 1
e 4 19 1
e 2 4 1
e 16 2 1
e 16 8 1
e 0 16 1
e 7 0 1
e 3 0 1
e 14 1 1
t # 74
v 3 0
v 4 25
v 2 1
v 5 16
v 1 6
v 0 36
e 3 4 1
e 2 4 1
e 4 5 1
e 5 1 1
e 1 0 1
t # 75
v 3 0
v 1 6
v 2 14
v 0 10
e 3 1 1
e 1 2 1
e 2 0 1
t # 76
v 0 34
v 2 12
v 7 14
v 8 7
v 1 2
v 9 31
v 4 6
v 3 4
v 6 6
v 10 0
v 11 0
v 5 0
e 10 0 1
e 11 0 1
e 5 0 1
e 6 2 1
e 2 7 1
e 7 8 1
e 9 1 1
e 8 1 1
e 8 9 1
e 1 4 1
e 4 3 1
e 0 6 1
t # 77
v 0 29
v 1 36
e 0 1 1
t # 78
v 5 1
v 3 25
v 0 29
v 6 14
v 7 16
v 2 36
v 4 26
v 1 4
e 5 3 1
e 0 3 1
e 3 6 1
e 6 7 1
e 4 2 1
e 7 4 1
e 4 1 1
t # 79
v 2 6
v 1 28
v 3 4
v 0 6
v 5 6
v 4 29
e 4 2 1
e 2 1 1
e 0 3 1
e 5 0 1
e 1 5 1
t # 80
v 0 6
v 2 8
v 1 30
e 2 0 1
e 0 1 1
t # 81
v 2 3
v 1 0
v 0 6
v 3 10
e 1 2 1
e 2 0 1
e 0 3 1
t # 82
v 8 29
v 3 2
v 0 29
v 5 2
v 7 30
v 4 18
v 6 30
v 1 30
v 2 29
e 8 3 1
e 0 3 1
e 3 5 1
e 2 5 1
e 4 7 1
e 5 4 1
e 4 6 1
e 4 1 1
t # 83
v 37 68
v 2 69
v 42 2
v 25 6
v 47 0
v 17 2
v 0 16
v 12 12
v 35 6
v 10 0
v 18 2
v 55 6
v 28 16
v 32 0
v 23 18
v 56 70
v 26 16
v 36 16
v 50 16
v 3 16
v 49 16
v 1 2
v 33 6
v 34 0
v 5 6
v 16 2
v 52 6
v 48 0
v 19 47
v 13 14
v 8 12
v 38 10
v 44 16
v 24 6
v 45 34
v 14 2
v 21 2
v 29 39
v 43 6
v 20 0
v 41 6
v 7 0
v 54 19
v 39 6
v 30 0
v 53 2
v 6 0
v 9 0
v 51 0
v 15 16
v 22 12
v 40 6
v 4 0
v 31 10
v 11 12
v 27 10
v 46 10
e 44 37 1
e 25 2 1
e 36 2 1
e 23 2 1
e 37 2 1
e 52 2 1
e 5 2 1
e 49 2 1
e 33 2 1
e 26 2 1
e 56 2 1
e 3 2 1
e 19 2 1
e 50 2 1
e 47 42 1
e 37 42 1
e 42 25 1
e 37 17 1
e 0 17 1
e 12 0 1
e 35 12 1
e 10 35 1
e 17 18 1
e 55 18 1
e 28 55 1
e 32 28 1
e 18 23 1
e 37 56 1
e 56 26 1
e 56 36 1
e 56 50 1
e 56 3 1
e 56 49 1
e 34 1 1
e 37 1 1
e 1 33 1
e 37 5 1
e 48 16 1
e 37 16 1
e 16 52 1
e 37 19 1
e 2 13 1
e 13 8 1
e 8 38 1
e 24 44 1
e 45 24 1
e 14 45 1
e 51 45 1
e 15 45 1
e 21 14 1
e 53 14 1
e 29 21 1
e 39 21 1
e 43 29 1
e 41 29 1
e 20 43 1
e 7 41 1
e 29 54 1
e 30 39 1
e 6 53 1
e 9 53 1
e 22 15 1
e 40 22 1
e 4 40 1
e 37 31 1
e 37 11 1
e 11 27 1
e 37 46 1
t # 84
v 1 71
v 5 7
v 3 6
v 0 0
v 2 10
v 4 4
e 3 5 1
e 0 3 1
e 5 2 1
e 5 4 1
t # 85
v 28 4
v 3 16
v 18 46
v 27 45
v 20 59
v 29 2
v 11 6
v 8 2
v 6 0
v 2 2
v 0 6
v 12 14
v 24 12
v 23 7
v 5 6
v 22 0
v 13 14
v 30 6
v 10 0
v 14 19
v 16 12
v 19 14
v 9 4
v 1 44
v 15 4
v 17 4
v 4 4
v 7 4
v 21 4
v 25 4
v 26 4
e 3 28 1
e 18 3 1
e 20 18 1
e 20 27 1
e 29 20 1
e 11 29 1
e 10 29 1
e 8 11 1
e 6 8 1
e 2 8 1
e 30 2 1
e 0 2 1
e 12 0 1
e 24 12 1
e 23 24 1
e 5 23 1
e 22 5 1
e 23 13 1
e 13 30 1
e 20 14 1
e 27 16 1
e 16 19 1
e 1 9 1
e 19 1 1
e 1 15 1
e 1 17 1
e 1 4 1
e 1 7 1
e 1 21 1
e 1 25 1
e 1 26 1
t # 86
v 1 0
v 2 2
v 6 0
v 3 6
v 0 31
v 5 6
v 4 10
e 6 2 1
e 1 2 1
e 2 3 1
e 3 0 1
e 0 5 1
e 5 4 1
t # 87
v 1 4
v 0 10
v 5 47
v 3 10
v 2 1
v 4 4
e 5 1 1
e 5 0 1
e 2 5 1
e 5 3 1
e 5 4 1
t # 88
v 1 18
v 0 10
v 3 10
v 4 10
v 2 0
e 2 1 1
e 1 0 1
e 1 3 1
e 1 4 1
t # 89
v 2 31
v 5 26
v 16 33
v 15 0
v 6 0
v 8 31
v 0 72
v 1 6
v 4 32
v 13 31
v 12 31
v 7 47
v 17 29
v 9 31
v 3 31
v 11 26
v 10 10
v 14 4
e 5 2 1
e 16 5 1
e 15 16 1
e 6 16 1
e 5 8 1
e 3 0 1
e 2 0 1
e 9 0 1
e 8 0 1
e 12 0 1
e 13 0 1
e 1 0 1
e 4 1 1
e 7 13 1
e 7 12 1
e 17 7 1
e 7 9 1
e 7 3 1
e 0 11 1
e 11 10 1
e 11 14 1
t # 90
v 3 0
v 2 6
v 0 12
v 1 30
e 3 2 1
e 2 0 1
e 0 1 1
t # 91
v 6 68
v 0 45
v 9 44
v 13 2
v 43 7
v 12 6
v 19 0
v 39 2
v 10 2
v 35 6
v 18 0
v 34 2
v 17 6
v 38 0
v 21 2
v 41 6
v 36 0
v 25 47
v 20 6
v 30 6
v 14 14
v 3 12
v 26 10
v 42 16
v 22 6
v 23 34
v 27 2
v 28 2
v 24 6
v 2 0
v 8 6
v 15 0
v 16 2
v 7 0
v 29 0
v 31 0
v 40 16
v 5 12
v 4 6
v 33 0
v 32 10
v 37 12
v 11 10
v 1 10
e 42 6 1
e 30 0 1
e 25 0 1
e 9 0 1
e 6 0 1
e 41 0 1
e 20 0 1
e 35 0 1
e 17 0 1
e 6 9 1
e 6 13 1
e 43 13 1
e 12 43 1
e 19 12 1
e 6 39 1
e 43 39 1
e 18 10 1
e 6 10 1
e 10 35 1
e 38 34 1
e 6 34 1
e 34 17 1
e 36 21 1
e 6 21 1
e 21 41 1
e 6 25 1
e 39 20 1
e 13 30 1
e 0 14 1
e 14 3 1
e 3 26 1
e 22 42 1
e 23 22 1
e 27 23 1
e 31 23 1
e 40 23 1
e 28 27 1
e 16 27 1
e 24 28 1
e 8 28 1
e 2 24 1
e 15 8 1
e 7 16 1
e 29 16 1
e 5 40 1
e 4 5 1
e 33 4 1
e 6 32 1
e 6 37 1
e 37 11 1
e 6 1 1
t # 92
v 2 0
v 5 2
v 4 26
v 3 18
v 1 4
v 6 10
v 0 4
e 4 5 1
e 3 5 1
e 3 4 1
e 2 3 1
e 3 1 1
e 4 6 1
e 5 0 1
t # 93
v 0 0
v 1 2
v 2 0
v 4 6
v 3 10
e 0 1 1
e 2 1 1
e 1 4 1
e 4 3 1
t # 94
v 4 47
v 2 14
v 6 8
v 0 4
v 3 10
v 8 31
v 1 33
v 5 31
v 7 10
e 2 4 1
e 6 2 1
e 4 0 1
e 4 3 1
e 4 8 1
e 8 1 1
e 5 1 1
e 4 5 1
e 1 7 1
t # 95
v 2 29
v 5 10
v 3 26
v 1 31
v 0 6
v 4 10
e 3 5 1
e 2 3 1
e 3 1 1
e 1 0 1
e 0 4 1
t # 96
v 2 8
v 3 7
v 1 10
v 0 4
e 2 3 1
e 3 1 1
e 3 0 1
t # 97
v 10 0
v 2 61
v 9 0
v 5 0
v 1 0
v 7 0
v 3 0
v 8 0
v 6 0
v 0 14
v 4 10
e 5 2 1
e 8 2 1
e 3 2 1
e 7 2 1
e 1 2 1
e 9 2 1
e 6 2 1
e 10 2 1
e 2 0 1
e 0 4 1
t # 98
v 2 0
v 15 2
v 4 29
v 13 2
v 10 0
v 3 2
v 7 0
v 11 2
v 14 0
v 9 2
v 0 0
v 6 2
v 12 0
v 8 2
v 5 0
v 1 4
e 4 15 1
e 2 15 1
e 15 13 1
e 10 13 1
e 13 3 1
e 7 3 1
e 3 11 1
e 14 11 1
e 11 9 1
e 0 9 1
e 9 6 1
e 12 6 1
e 6 8 1
e 5 8 1
e 8 1 1
t # 99
v 0 26
v 7 2
v 6 32
v 2 18
v 4 10
v 5 8
v 1 10
v 3 10
v 8 10
e 7 0 1
e 6 7 1
e 2 7 1
e 5 2 1
e 2 4 1
e 2 1 1
e 0 3 1
e 0 8 1
t # 100
v 4 36
v 2 4
v 0 26
v 5 25
v 6 14
v 3 29
v 1 1
e 0 4 1
e 0 2 1
e 5 0 1
e 6 5 1
e 1 5 1
e 3 6 1
t # 101
v 2 46
v 3 0
v 4 0
v 1 0
v 5 0
v 0 10
e 3 2 1
e 4 2 1
e 1 2 1
e 5 2 1
e 2 0 1
t # 102
v 1 1
v 3 26
v 2 10
v 0 4
e 1 3 1
e 3 2 1
e 3 0 1
t # 103
v 17 60
v 23 54
v 13 14
v 30 16
v 15 26
v 12 10
v 2 10
v 29 2
v 14 2
v 16 6
v 1 2
v 27 31
v 31 3
v 7 51
v 8 2
v 20 2
v 18 2
v 33 12
v 21 2
v 25 2
v 9 14
v 5 29
v 10 14
v 11 29
v 32 6
v 19 6
v 4 29
v 22 29
v 6 29
v 24 6
v 0 29
v 26 31
v 28 6
v 3 0
e 29 17 1
e 17 23 1
e 23 13 1
e 13 30 1
e 30 15 1
e 15 12 1
e 15 2 1
e 14 29 1
e 28 29 1
e 7 14 1
e 16 14 1
e 1 16 1
e 26 1 1
e 27 1 1
e 31 27 1
e 7 31 1
e 8 7 1
e 20 8 1
e 24 8 1
e 18 20 1
e 6 20 1
e 33 18 1
e 22 18 1
e 21 33 1
e 25 21 1
e 32 21 1
e 9 25 1
e 10 25 1
e 5 9 1
e 11 10 1
e 19 32 1
e 4 19 1
e 0 24 1
e 7 26 1
e 3 28 1
t # 104
v 1 0
v 7 12
v 3 33
v 0 0
v 8 26
v 4 31
v 2 6
v 5 10
v 6 12
v 9 10
e 1 7 1
e 7 3 1
e 0 3 1
e 3 8 1
e 8 4 1
e 4 2 1
e 2 5 1
e 8 6 1
e 6 9 1
t # 105
v 7 0
v 14 6
v 1 2
v 9 28
v 19 6
v 12 0
v 17 2
v 10 6
v 2 0
v 6 2
v 11 6
v 8 0
v 4 2
v 16 6
v 5 0
v 15 2
v 18 12
v 13 14
v 3 29
v 0 4
e 7 14 1
e 14 1 1
e 9 1 1
e 19 9 1
e 12 19 1
e 1 17 1
e 10 17 1
e 2 10 1
e 17 6 1
e 11 6 1
e 8 11 1
e 6 4 1
e 16 4 1
e 5 16 1
e 4 15 1
e 18 15 1
e 13 18 1
e 3 13 1
e 15 0 1
t # 106
v 3 6
v 5 0
v 4 25
v 2 1
v 0 6
v 1 36
e 5 3 1
e 3 4 1
e 2 4 1
e 4 0 1
e 0 1 1
t # 107
v 2 0
v 1 16
v 0 10
v 4 26
v 3 10
e 4 1 1
e 1 0 1
e 2 4 1
e 4 3 1
t # 108
v 15 15
v 0 55
v 9 46
v 12 16
v 3 54
v 16 47
v 14 14
v 10 12
v 11 26
v 13 10
v 1 12
v 8 10
v 2 3
v 17 14
v 6 12
v 4 27
v 5 10
v 7 10
e 2 15 1
e 15 0 1
e 15 9 1
e 9 12 1
e 16 3 1
e 12 3 1
e 14 16 1
e 10 14 1
e 0 10 1
e 3 11 1
e 11 13 1
e 11 1 1
e 1 8 1
e 17 2 1
e 6 17 1
e 4 6 1
e 15 5 1
e 15 7 1
t # 109
v 2 6
v 1 73
v 0 74
e 1 2 1
e 2 0 1
t # 110
v 13 0
v 10 12
v 21 14
v 5 34
v 22 54
v 6 75
v 19 0
v 14 75
v 23 0
v 3 75
v 18 0
v 24 75
v 15 0
v 4 75
v 0 6
v 12 14
v 11 12
v 25 0
v 17 0
v 7 7
v 9 4
v 20 47
v 8 4
v 1 4
v 26 4
v 16 4
v 2 6
e 13 10 1
e 10 21 1
e 22 5 1
e 21 5 1
e 17 5 1
e 4 22 1
e 24 22 1
e 14 22 1
e 3 22 1
e 6 22 1
e 19 6 1
e 23 14 1
e 18 3 1
e 15 24 1
e 0 4 1
e 12 0 1
e 11 12 1
e 25 11 1
e 2 7 1
e 20 9 1
e 7 20 1
e 20 8 1
e 20 1 1
e 20 26 1
e 7 16 1
e 5 2 1
t # 111
v 1 29
v 5 6
v 4 25
v 3 1
v 0 6
v 2 36
e 1 5 1
e 5 4 1
e 3 4 1
e 4 0 1
e 0 2 1
t # 112
v 2 8
v 12 31
v 3 6
v 0 2
v 9 16
v 4 47
v 6 48
v 8 10
v 7 10
v 10 10
v 11 33
v 1 10
v 5 10
e 4 12 1
e 12 3 1
e 9 0 1
e 3 0 1
e 4 9 1
e 6 4 1
e 2 6 1
e 6 8 1
e 6 7 1
e 6 10 1
e 4 11 1
e 0 11 1
e 11 1 1
e 4 5 1
t # 113
v 3 8
v 0 48
v 5 10
v 2 6
v 4 10
v 6 10
v 1 10
e 3 0 1
e 0 5 1
e 0 2 1
e 2 4 1
e 0 6 1
e 0 1 1
t # 114
v 2 2
v 0 6
v 5 0
v 7 6
v 4 0
v 6 3
v 3 6
v 1 10
e 0 2 1
e 7 2 1
e 5 0 1
e 4 7 1
e 2 6 1
e 6 3 1
e 3 1 1
t # 115
v 3 14
v 1 0
v 0 33
v 2 26
v 5 26
v 4 10
v 6 4
e 1 3 1
e 2 0 1
e 3 2 1
e 0 5 1
e 5 4 1
e 5 6 1
t # 116
v 2 10
v 5 7
v 3 35
v 6 1
v 4 10
v 1 10
v 0 4
e 5 2 1
e 3 5 1
e 6 3 1
e 3 4 1
e 3 1 1
e 5 0 1
t # 117
v 5 27
v 10 14
v 11 2
v 3 2
v 9 6
v 0 14
v 4 27
v 1 6
v 8 0
v 7 6
v 2 10
v 6 6
e 5 10 1
e 3 11 1
e 6 11 1
e 9 3 1
e 1 3 1
e 0 9 1
e 4 0 1
e 8 1 1
e 11 7 1
e 7 2 1
e 10 6 1
t # 118
v 9 31
v 1 31
v 6 34
v 2 18
v 3 14
v 10 6
v 4 12
v 11 0
v 12 33
v 5 26
v 7 6
v 0 14
v 8 10
e 2 9 1
e 2 1 1
e 2 6 1
e 9 6 1
e 1 6 1
e 3 2 1
e 10 3 1
e 4 10 1
e 11 4 1
e 5 12 1
e 6 5 1
e 12 7 1
e 7 0 1
e 0 8 1
t # 119
v 4 29
v 3 20
v 0 29
v 1 29
v 2 10
e 4 3 1
e 0 3 1
e 1 3 1
e 3 2 1
t # 120
v 52 6
v 30 2
v 37 6
v 48 16
v 39 3
v 46 21
v 41 14
v 51 16
v 16 13
v 2 7
v 13 34
v 33 2
v 25 6
v 43 2
v 38 7
v 9 29
v 32 2
v 29 53
v 17 25
v 10 14
v 3 0
v 1 29
v 36 29
v 26 7
v 34 31
v 44 3
v 20 0
v 22 6
v 11 6
v 5 3
v 24 0
v 6 6
v 35 2
v 0 6
v 47 3
v 8 0
v 27 6
v 28 3
v 42 0
v 31 6
v 21 0
v 14 21
v 23 14
v 19 16
v 45 13
v 49 3
v 18 16
v 7 6
v 50 14
v 12 16
v 40 10
v 15 26
v 4 10
e 30 52 1
e 7 30 1
e 37 30 1
e 48 37 1
e 39 48 1
e 46 39 1
e 51 46 1
e 16 46 1
e 16 41 1
e 41 51 1
e 2 16 1
e 13 2 1
e 33 13 1
e 6 13 1
e 31 13 1
e 32 33 1
e 25 33 1
e 43 25 1
e 22 43 1
e 38 43 1
e 9 38 1
e 38 32 1
e 29 32 1
e 17 29 1
e 36 29 1
e 26 29 1
e 11 29 1
e 10 17 1
e 1 17 1
e 3 10 1
e 34 26 1
e 44 34 1
e 20 44 1
e 26 22 1
e 5 11 1
e 24 5 1
e 35 6 1
e 0 35 1
e 27 35 1
e 47 0 1
e 8 47 1
e 28 27 1
e 42 28 1
e 21 31 1
e 19 14 1
e 45 14 1
e 45 23 1
e 23 19 1
e 2 45 1
e 14 49 1
e 49 18 1
e 18 7 1
e 52 50 1
e 50 12 1
e 15 40 1
e 12 15 1
e 15 4 1
t # 121
v 26 10
v 29 14
v 19 16
v 10 2
v 16 29
v 18 6
v 23 10
v 6 26
v 8 2
v 30 6
v 3 2
v 2 31
v 0 3
v 15 51
v 27 2
v 31 34
v 21 2
v 28 2
v 1 25
v 5 14
v 25 3
v 11 0
v 24 3
v 12 29
v 9 0
v 7 6
v 17 29
v 22 29
v 4 6
v 20 29
v 13 29
v 14 31
e 6 26 1
e 6 29 1
e 29 19 1
e 19 10 1
e 16 10 1
e 10 18 1
e 18 23 1
e 8 6 1
e 15 8 1
e 30 8 1
e 3 30 1
e 14 3 1
e 2 3 1
e 0 2 1
e 15 0 1
e 27 15 1
e 31 27 1
e 13 27 1
e 21 31 1
e 22 31 1
e 4 31 1
e 28 21 1
e 7 21 1
e 1 28 1
e 9 28 1
e 5 1 1
e 24 1 1
e 25 5 1
e 11 25 1
e 12 24 1
e 17 7 1
e 20 4 1
e 15 14 1
t # 122
v 5 26
v 7 77
v 0 6
v 6 76
v 1 6
v 2 1
v 4 10
v 3 4
e 7 5 1
e 0 7 1
e 6 0 1
e 1 6 1
e 2 1 1
e 5 4 1
e 5 3 1
t # 123
v 1 32
v 2 18
v 0 10
v 4 10
v 3 10
e 1 2 1
e 2 0 1
e 2 4 1
e 2 3 1
t # 124
v 51 18
v 14 33
v 19 18
v 31 16
v 9 14
v 5 2
v 40 31
v 6 4
v 36 18
v 22 14
v 8 7
v 45 2
v 0 21
v 47 44
v 25 4
v 12 7
v 33 34
v 34 34
v 24 34
v 17 34
v 26 25
v 11 14
v 37 0
v 42 29
v 10 29
v 38 28
v 7 14
v 2 6
v 3 0
v 29 6
v 35 0
v 21 29
v 27 29
v 20 29
v 4 6
v 48 0
v 1 6
v 41 3
v 49 0
v 28 7
v 23 2
v 18 16
v 43 14
v 44 6
v 39 2
v 46 0
v 30 4
v 13 4
v 16 10
v 15 4
v 50 4
v 32 10
e 45 51 1
e 19 14 1
e 51 14 1
e 31 19 1
e 9 31 1
e 5 9 1
e 51 5 1
e 40 5 1
e 36 40 1
e 36 6 1
e 23 36 1
e 36 22 1
e 22 8 1
e 0 45 1
e 8 45 1
e 47 0 1
e 12 47 1
e 47 25 1
e 33 12 1
e 34 33 1
e 4 33 1
e 1 33 1
e 24 34 1
e 27 34 1
e 20 34 1
e 17 24 1
e 29 24 1
e 21 24 1
e 26 17 1
e 10 17 1
e 38 17 1
e 11 26 1
e 42 26 1
e 37 11 1
e 7 38 1
e 2 7 1
e 3 2 1
e 35 29 1
e 48 4 1
e 41 1 1
e 49 41 1
e 12 28 1
e 28 23 1
e 18 23 1
e 43 18 1
e 44 43 1
e 39 44 1
e 28 39 1
e 46 39 1
e 47 30 1
e 8 13 1
e 19 16 1
e 19 15 1
e 14 50 1
e 51 32 1
t # 125
v 7 0
v 14 2
v 6 54
v 17 75
v 9 0
v 10 75
v 19 0
v 11 75
v 18 0
v 3 75
v 13 0
v 12 75
v 0 6
v 15 0
v 8 7
v 5 4
v 4 18
v 2 4
v 16 4
v 1 4
e 6 14 1
e 7 14 1
e 3 6 1
e 12 6 1
e 17 6 1
e 10 6 1
e 11 6 1
e 9 17 1
e 19 10 1
e 18 11 1
e 13 3 1
e 0 12 1
e 15 0 1
e 14 8 1
e 4 5 1
e 8 4 1
e 4 2 1
e 4 16 1
e 8 1 1
t # 126
v 0 1
v 2 39
v 3 6
v 4 32
v 5 38
v 1 10
e 3 2 1
e 0 2 1
e 4 3 1
e 2 5 1
e 2 1 1
t # 127
v 0 0
v 2 6
v 1 4
e 0 2 1
e 2 1 1
t # 128
v 2 6
v 3 2
v 7 29
v 4 16
v 5 14
v 0 6
v 1 0
v 6 30
e 3 2 1
e 7 3 1
e 4 3 1
e 5 4 1
e 0 5 1
e 1 0 1
e 2 6 1
t # 129
v 3 0
v 0 2
v 5 6
v 6 33
v 12 3
v 13 78
v 9 2
v 8 31
v 15 7
v 2 6
v 14 0
v 11 3
v 7 25
v 4 1
v 10 10
v 1 6
e 3 0 1
e 5 0 1
e 6 5 1
e 11 6 1
e 12 6 1
e 13 12 1
e 9 13 1
e 15 9 1
e 8 9 1
e 15 8 1
e 2 15 1
e 14 2 1
e 13 11 1
e 4 7 1
e 0 7 1
e 1 10 1
e 7 1 1
t # 130
v 7 6
v 8 32
v 9 2
v 5 2
v 0 31
v 4 31
v 1 26
v 6 0
v 3 6
v 2 10
e 8 7 1
e 7 9 1
e 5 9 1
e 4 5 1
e 0 5 1
e 1 0 1
e 1 4 1
e 6 1 1
e 9 3 1
e 3 2 1
t # 131
v 1 15
v 12 55
v 4 46
v 3 16
v 7 54
v 13 47
v 2 14
v 14 12
v 10 26
v 9 10
v 11 12
v 5 10
v 6 0
v 0 10
v 8 10
e 6 1 1
e 1 12 1
e 1 4 1
e 4 3 1
e 13 7 1
e 3 7 1
e 2 13 1
e 14 2 1
e 12 14 1
e 7 10 1
e 10 9 1
e 10 11 1
e 11 5 1
e 1 0 1
e 1 8 1
t # 132
v 8 2
v 16 0
v 10 6
v 7 14
v 5 12
v 15 6
v 1 0
v 13 2
v 14 26
v 11 29
v 3 4
v 9 12
v 0 14
v 4 6
v 2 4
v 6 26
v 12 4
e 16 8 1
e 10 8 1
e 7 10 1
e 5 7 1
e 15 5 1
e 1 15 1
e 6 13 1
e 14 13 1
e 11 14 1
e 14 3 1
e 13 9 1
e 9 0 1
e 0 4 1
e 4 2 1
e 8 6 1
e 6 12 1
t # 133
v 5 16
v 14 33
v 12 25
v 0 1
v 1 25
v 8 1
v 13 26
v 3 14
v 6 29
v 11 25
v 10 1
v 4 10
v 2 18
v 7 10
v 9 10
e 14 5 1
e 11 14 1
e 12 14 1
e 0 12 1
e 1 12 1
e 8 1 1
e 13 1 1
e 3 13 1
e 6 3 1
e 10 11 1
e 13 11 1
e 2 4 1
e 5 2 1
e 2 7 1
e 2 9 1
t # 134
v 12 4
v 13 18
v 8 25
v 17 14
v 16 7
v 7 0
v 2 25
v 15 6
v 3 25
v 4 6
v 11 25
v 14 7
v 6 0
v 5 14
v 9 6
v 18 1
v 0 6
v 10 10
v 1 4
e 13 12 1
e 8 13 1
e 0 8 1
e 17 8 1
e 16 17 1
e 7 16 1
e 16 2 1
e 15 2 1
e 3 15 1
e 5 3 1
e 4 3 1
e 11 4 1
e 14 11 1
e 9 11 1
e 6 14 1
e 14 5 1
e 18 9 1
e 2 0 1
e 13 10 1
e 13 1 1
t # 135
v 2 8
v 0 10
v 1 26
v 3 4
e 1 0 1
e 2 1 1
e 1 3 1
t # 136
v 0 25
v 10 29
v 4 28
v 3 29
v 1 6
v 7 2
v 5 0
v 9 18
v 6 10
v 8 10
v 2 10
e 10 0 1
e 4 0 1
e 3 4 1
e 0 1 1
e 1 7 1
e 5 7 1
e 7 9 1
e 9 6 1
e 9 8 1
e 9 2 1
t # 137
v 1 27
v 0 10
e 1 0 1
t # 138
v 4 29
v 3 6
v 1 2
v 7 6
v 5 33
v 0 0
v 6 0
v 2 6
v 8 30
e 4 3 1
e 3 1 1
e 7 1 1
e 5 7 1
e 0 5 1
e 6 5 1
e 1 2 1
e 2 8 1
t # 139
v 1 30
v 2 12
v 0 29
e 2 1 1
e 0 2 1
t # 140
v 2 0
v 1 10
v 0 26
v 3 10
e 0 1 1
e 2 0 1
e 0 3 1
t # 141
v 6 29
v 0 10
v 7 60
v 2 46
v 3 29
v 11 29
v 5 29
v 9 10
v 10 10
v 8 10
v 1 31
v 12 33
v 4 29
v 13 10
e 7 0 1
e 2 7 1
e 6 2 1
e 3 2 1
e 11 2 1
e 5 2 1
e 7 9 1
e 7 10 1
e 7 8 1
e 7 1 1
e 4 12 1
e 1 12 1
e 12 13 1
t # 142
v 3 6
v 14 0
v 0 61
v 12 6
v 13 0
v 9 6
v 17 0
v 10 6
v 5 0
v 1 6
v 7 0
v 4 6
v 6 0
v 11 6
v 15 0
v 16 6
v 2 0
v 8 10
e 14 3 1
e 3 0 1
e 1 0 1
e 10 0 1
e 12 0 1
e 16 0 1
e 11 0 1
e 4 0 1
e 9 0 1
e 13 12 1
e 17 9 1
e 5 10 1
e 7 1 1
e 6 4 1
e 15 11 1
e 2 16 1
e 0 8 1
t # 143
v 17 1
v 23 79
v 8 3
v 24 2
v 27 2
v 29 29
v 28 3
v 11 2
v 20 3
v 26 2
v 14 3
v 19 2
v 1 3
v 4 2
v 6 3
v 21 2
v 25 3
v 22 2
v 7 3
v 18 2
v 5 3
v 3 2
v 2 3
v 0 2
v 10 3
v 16 2
v 34 3
v 12 2
v 13 3
v 31 2
v 15 3
v 9 2
v 32 3
v 33 6
v 30 4
e 17 23 1
e 23 8 1
e 27 24 1
e 8 24 1
e 29 27 1
e 28 27 1
e 23 28 1
e 24 11 1
e 20 11 1
e 23 20 1
e 11 26 1
e 14 26 1
e 23 14 1
e 26 19 1
e 1 19 1
e 23 1 1
e 19 4 1
e 6 4 1
e 23 6 1
e 4 21 1
e 25 21 1
e 23 25 1
e 21 22 1
e 7 22 1
e 23 7 1
e 22 18 1
e 5 18 1
e 23 5 1
e 18 3 1
e 2 3 1
e 23 2 1
e 3 0 1
e 10 0 1
e 23 10 1
e 0 16 1
e 34 16 1
e 23 34 1
e 16 12 1
e 13 12 1
e 23 13 1
e 12 31 1
e 15 31 1
e 23 15 1
e 31 9 1
e 32 9 1
e 23 32 1
e 9 33 1
e 33 30 1
t # 144
v 0 0
v 1 34
v 4 29
v 8 6
v 9 0
v 7 2
v 5 6
v 3 0
v 2 6
v 6 4
v 10 6
e 10 1 1
e 4 1 1
e 8 1 1
e 9 8 1
e 1 7 1
e 5 7 1
e 3 5 1
e 7 2 1
e 2 6 1
e 0 10 1
t # 145
v 15 15
v 3 55
v 14 12
v 0 14
v 13 54
v 9 47
v 12 16
v 7 46
v 17 26
v 20 10
v 6 12
v 1 10
v 10 3
v 16 14
v 4 12
v 8 6
v 18 2
v 2 0
v 19 0
v 5 10
v 11 10
e 10 15 1
e 15 3 1
e 3 14 1
e 14 0 1
e 9 13 1
e 12 13 1
e 0 9 1
e 7 12 1
e 15 7 1
e 13 17 1
e 17 20 1
e 17 6 1
e 6 1 1
e 16 10 1
e 4 16 1
e 8 4 1
e 18 8 1
e 2 18 1
e 19 18 1
e 15 5 1
e 15 11 1
t # 146
v 3 8
v 8 16
v 4 2
v 11 6
v 7 31
v 18 47
v 22 48
v 23 10
v 13 6
v 20 10
v 0 10
v 1 33
v 21 7
v 5 31
v 10 6
v 6 25
v 15 16
v 25 14
v 16 33
v 9 14
v 19 18
v 14 31
v 17 6
v 2 10
v 24 10
v 12 10
e 18 8 1
e 11 4 1
e 8 4 1
e 7 11 1
e 18 7 1
e 22 18 1
e 3 22 1
e 22 23 1
e 22 13 1
e 13 20 1
e 22 0 1
e 18 1 1
e 4 1 1
e 1 21 1
e 21 5 1
e 5 10 1
e 10 6 1
e 15 6 1
e 21 15 1
e 19 25 1
e 9 16 1
e 25 16 1
e 19 9 1
e 6 19 1
e 19 14 1
e 14 17 1
e 17 2 1
e 16 24 1
e 18 12 1
t # 147
v 12 0
v 48 6
v 31 34
v 49 2
v 25 2
v 34 6
v 32 0
v 55 6
v 0 0
v 19 6
v 44 16
v 16 12
v 1 6
v 26 0
v 21 16
v 8 12
v 47 6
v 40 0
v 3 2
v 46 0
v 22 7
v 41 33
v 50 26
v 9 14
v 24 6
v 6 65
v 43 16
v 33 20
v 17 18
v 27 14
v 36 6
v 18 70
v 20 16
v 28 14
v 45 6
v 29 2
v 2 14
v 15 6
v 51 6
v 37 0
v 35 16
v 4 2
v 23 14
v 10 6
v 38 6
v 13 0
v 52 16
v 54 10
v 7 10
v 39 6
v 30 14
v 53 6
v 11 26
v 14 10
v 5 12
v 42 10
e 12 48 1
e 48 31 1
e 49 31 1
e 21 31 1
e 25 49 1
e 19 49 1
e 34 25 1
e 55 25 1
e 32 34 1
e 0 55 1
e 44 19 1
e 16 44 1
e 1 16 1
e 26 1 1
e 8 21 1
e 47 8 1
e 40 47 1
e 18 3 1
e 46 3 1
e 3 22 1
e 50 41 1
e 22 50 1
e 41 9 1
e 9 24 1
e 15 6 1
e 20 6 1
e 45 6 1
e 39 6 1
e 24 6 1
e 52 6 1
e 35 6 1
e 43 6 1
e 10 6 1
e 36 6 1
e 18 43 1
e 17 33 1
e 18 17 1
e 33 27 1
e 27 36 1
e 31 18 1
e 18 20 1
e 18 28 1
e 28 45 1
e 18 29 1
e 37 29 1
e 51 2 1
e 2 15 1
e 29 51 1
e 18 35 1
e 13 4 1
e 18 4 1
e 38 23 1
e 23 10 1
e 4 38 1
e 18 52 1
e 18 54 1
e 18 7 1
e 30 39 1
e 53 30 1
e 22 53 1
e 6 11 1
e 11 14 1
e 11 5 1
e 5 42 1
t # 148
v 0 29
v 8 4
v 7 18
v 1 65
v 3 29
v 11 29
v 6 29
v 4 29
v 12 29
v 13 29
v 5 29
v 2 29
v 10 29
v 9 10
v 14 10
e 7 8 1
e 1 7 1
e 10 1 1
e 2 1 1
e 12 1 1
e 5 1 1
e 11 1 1
e 13 1 1
e 0 1 1
e 6 1 1
e 4 1 1
e 3 1 1
e 7 9 1
e 7 14 1
t # 149
v 24 12
v 21 68
v 32 33
v 19 46
v 6 25
v 7 17
v 28 61
v 17 6
v 18 25
v 5 16
v 33 25
v 35 25
v 30 6
v 1 6
v 25 25
v 37 16
v 36 6
v 16 25
v 39 16
v 20 18
v 13 46
v 27 50
v 29 14
v 12 12
v 22 10
v 38 2
v 8 16
v 34 12
v 31 6
v 41 0
v 40 2
v 23 2
v 4 6
v 15 0
v 42 6
v 14 0
v 0 6
v 3 16
v 2 12
v 9 0
v 10 10
v 11 10
v 26 10
e 21 24 1
e 38 21 1
e 21 32 1
e 21 19 1
e 21 6 1
e 7 6 1
e 20 7 1
e 1 28 1
e 33 28 1
e 30 28 1
e 36 28 1
e 20 28 1
e 35 28 1
e 17 28 1
e 18 17 1
e 5 18 1
e 7 18 1
e 32 5 1
e 7 33 1
e 19 33 1
e 21 35 1
e 7 35 1
e 6 30 1
e 25 1 1
e 7 25 1
e 37 25 1
e 21 37 1
e 16 36 1
e 7 16 1
e 39 16 1
e 21 39 1
e 13 20 1
e 27 13 1
e 21 27 1
e 28 29 1
e 29 12 1
e 12 22 1
e 8 38 1
e 40 38 1
e 34 8 1
e 31 34 1
e 41 31 1
e 23 40 1
e 0 40 1
e 4 23 1
e 42 23 1
e 15 4 1
e 14 42 1
e 3 0 1
e 2 3 1
e 9 2 1
e 21 10 1
e 21 11 1
e 24 26 1
t # 150
v 0 10
v 7 6
v 9 2
v 10 0
v 12 6
v 8 33
v 6 3
v 4 78
v 11 2
v 2 31
v 3 7
v 1 6
v 13 0
v 5 3
e 7 0 1
e 9 7 1
e 10 9 1
e 12 9 1
e 8 12 1
e 5 8 1
e 6 8 1
e 4 6 1
e 11 4 1
e 3 11 1
e 2 11 1
e 3 2 1
e 1 3 1
e 13 1 1
e 4 5 1
t # 151
v 1 29
v 0 4
v 2 6
e 2 0 1
e 1 2 1
t # 152
v 4 0
v 7 6
v 2 6
v 8 39
v 5 6
v 3 0
v 9 10
v 0 26
v 6 10
v 1 10
e 4 7 1
e 7 2 1
e 5 8 1
e 2 8 1
e 3 5 1
e 8 9 1
e 8 0 1
e 0 6 1
e 0 1 1
t # 153
v 7 0
v 0 2
v 1 16
v 2 4
v 5 18
v 4 16
v 3 4
v 6 16
v 8 4
v 9 0
e 9 0 1
e 7 0 1
e 5 1 1
e 1 2 1
e 0 5 1
e 5 4 1
e 4 3 1
e 5 6 1
e 6 8 1
t # 154
v 2 36
v 0 6
v 1 0
e 0 2 1
e 1 0 1
t # 155
v 17 8
v 8 16
v 23 2
v 11 6
v 9 31
v 4 47
v 26 48
v 22 10
v 3 10
v 12 10
v 1 33
v 5 7
v 25 31
v 21 26
v 0 10
v 20 25
v 24 16
v 16 18
v 2 31
v 7 6
v 14 10
v 19 14
v 15 7
v 6 10
v 18 10
v 10 10
v 13 10
e 4 8 1
e 8 23 1
e 11 23 1
e 9 11 1
e 4 9 1
e 26 4 1
e 17 26 1
e 26 22 1
e 26 3 1
e 26 12 1
e 4 1 1
e 23 1 1
e 1 5 1
e 5 25 1
e 25 21 1
e 21 0 1
e 21 20 1
e 24 20 1
e 5 24 1
e 20 16 1
e 16 2 1
e 2 7 1
e 7 14 1
e 16 19 1
e 19 15 1
e 15 6 1
e 15 18 1
e 16 10 1
e 4 13 1
t # 156
v 9 10
v 7 7
v 6 6
v 5 2
v 11 2
v 8 6
v 15 0
v 12 6
v 0 0
v 14 6
v 13 8
v 10 35
v 17 6
v 4 10
v 1 6
v 16 10
v 2 6
v 3 10
e 7 9 1
e 6 7 1
e 5 6 1
e 11 5 1
e 14 5 1
e 8 11 1
e 12 11 1
e 15 8 1
e 0 12 1
e 13 14 1
e 7 10 1
e 10 17 1
e 17 4 1
e 10 1 1
e 1 16 1
e 10 2 1
e 2 3 1
t # 157
v 0 8
v 4 7
v 2 10
v 3 4
v 1 18
v 5 10
v 6 10
e 1 4 1
e 4 2 1
e 4 3 1
e 0 1 1
e 1 5 1
e 1 6 1
t # 158
v 0 2
v 8 2
v 9 2
v 3 0
v 7 0
v 1 0
v 6 0
v 4 2
v 5 0
v 11 2
v 2 0
v 10 4
e 8 0 1
e 6 0 1
e 9 8 1
e 1 8 1
e 3 9 1
e 7 9 1
e 0 4 1
e 5 4 1
e 4 11 1
e 2 11 1
e 11 10 1
t # 159
v 1 32
v 2 6
v 0 36
e 1 2 1
e 2 0 1
t # 160
v 5 0
v 3 12
v 11 2
v 4 0
v 6 2
v 2 12
v 0 14
v 7 6
v 10 4
v 1 26
v 8 4
v 9 0
e 5 3 1
e 4 11 1
e 3 11 1
e 9 6 1
e 11 6 1
e 1 2 1
e 2 0 1
e 0 7 1
e 7 10 1
e 6 1 1
e 1 8 1
t # 161
v 2 8
v 6 6
v 8 39
v 9 14
v 0 7
v 12 0
v 11 39
v 10 6
v 4 6
v 3 7
v 13 4
v 5 10
v 7 4
v 1 4
e 2 6 1
e 6 8 1
e 9 8 1
e 0 9 1
e 12 0 1
e 10 11 1
e 0 11 1
e 8 10 1
e 11 4 1
e 4 3 1
e 3 13 1
e 3 5 1
e 11 7 1
e 8 1 1
t # 162
v 6 10
v 10 6
v 11 80
v 8 51
v 0 51
v 1 80
v 7 6
v 13 10
v 20 4
v 2 47
v 9 4
v 21 10
v 19 10
v 15 4
v 16 26
v 5 8
v 12 4
v 3 47
v 17 4
v 14 10
v 18 10
v 4 4
e 10 6 1
e 11 10 1
e 8 11 1
e 16 8 1
e 16 0 1
e 0 1 1
e 1 7 1
e 7 13 1
e 2 20 1
e 0 2 1
e 2 9 1
e 2 21 1
e 2 19 1
e 0 15 1
e 5 16 1
e 3 12 1
e 8 3 1
e 3 17 1
e 3 14 1
e 3 18 1
e 8 4 1
t # 163
v 2 10
v 31 6
v 25 80
v 21 51
v 6 51
v 12 80
v 19 6
v 16 10
v 23 4
v 24 47
v 14 4
v 13 10
v 26 10
v 15 4
v 4 18
v 28 8
v 5 51
v 3 80
v 8 6
v 10 10
v 18 4
v 1 47
v 27 4
v 11 10
v 29 10
v 7 4
v 30 4
v 0 47
v 9 4
v 22 10
v 17 10
v 20 4
e 31 2 1
e 25 31 1
e 21 25 1
e 4 21 1
e 4 6 1
e 6 12 1
e 12 19 1
e 19 16 1
e 24 23 1
e 6 24 1
e 24 14 1
e 24 13 1
e 24 26 1
e 6 15 1
e 28 4 1
e 4 5 1
e 5 3 1
e 3 8 1
e 8 10 1
e 1 18 1
e 5 1 1
e 1 27 1
e 1 11 1
e 1 29 1
e 5 7 1
e 0 30 1
e 21 0 1
e 0 9 1
e 0 22 1
e 0 17 1
e 21 20 1
t # 164
v 1 0
v 5 26
v 4 2
v 2 31
v 6 25
v 0 8
v 3 30
e 1 5 1
e 5 4 1
e 2 4 1
e 5 2 1
e 4 6 1
e 0 6 1
e 6 3 1
t # 165
v 4 29
v 2 6
v 5 25
v 0 1
v 1 26
v 6 10
v 3 36
e 4 2 1
e 2 5 1
e 0 5 1
e 5 1 1
e 1 6 1
e 1 3 1
t # 166
v 23 1
v 19 81
v 11 3
v 5 2
v 24 2
v 14 29
v 17 3
v 2 2
v 10 3
v 26 2
v 12 3
v 20 2
v 18 3
v 13 2
v 15 3
v 21 2
v 6 3
v 22 2
v 3 3
v 0 2
v 4 3
v 25 2
v 1 3
v 7 2
v 16 3
v 9 6
v 8 4
e 23 19 1
e 19 11 1
e 24 5 1
e 11 5 1
e 14 24 1
e 17 24 1
e 19 17 1
e 5 2 1
e 10 2 1
e 19 10 1
e 2 26 1
e 12 26 1
e 19 12 1
e 26 20 1
e 18 20 1
e 19 18 1
e 20 13 1
e 15 13 1
e 19 15 1
e 13 21 1
e 6 21 1
e 19 6 1
e 21 22 1
e 3 22 1
e 19 3 1
e 22 0 1
e 4 0 1
e 19 4 1
e 0 25 1
e 1 25 1
e 19 1 1
e 25 7 1
e 16 7 1
e 19 16 1
e 7 9 1
e 9 8 1
t # 167
v 3 29
v 1 2
v 5 6
v 7 29
v 2 12
v 4 14
v 0 6
v 6 4
e 3 1 1
e 5 1 1
e 7 5 1
e 1 2 1
e 2 4 1
e 4 0 1
e 0 6 1
t # 168
v 15 2
v 18 2
v 5 6
v 3 14
v 10 12
v 22 7
v 17 6
v 0 0
v 1 14
v 12 26
v 11 19
v 16 14
v 2 12
v 20 0
v 9 2
v 19 26
v 23 29
v 21 19
v 6 12
v 13 14
v 14 6
v 7 4
v 8 26
v 4 19
e 18 15 1
e 16 15 1
e 12 18 1
e 5 18 1
e 3 5 1
e 10 3 1
e 22 10 1
e 17 22 1
e 0 17 1
e 22 1 1
e 1 12 1
e 12 11 1
e 2 16 1
e 20 2 1
e 8 9 1
e 19 9 1
e 23 19 1
e 19 21 1
e 9 6 1
e 6 13 1
e 13 14 1
e 14 7 1
e 15 8 1
e 8 4 1
t # 169
v 9 2
v 5 2
v 6 7
v 31 6
v 29 3
v 10 82
v 4 0
v 2 35
v 7 6
v 12 6
v 0 4
v 28 6
v 8 4
v 18 31
v 17 2
v 1 31
v 13 3
v 27 4
v 25 6
v 14 3
v 20 6
v 24 4
v 16 2
v 22 6
v 30 35
v 32 0
v 26 6
v 19 6
v 3 4
v 11 6
v 21 4
v 33 6
v 34 14
v 23 4
v 15 6
e 7 9 1
e 26 9 1
e 6 5 1
e 19 5 1
e 31 6 1
e 29 31 1
e 10 29 1
e 4 10 1
e 10 2 1
e 2 7 1
e 2 12 1
e 12 0 1
e 2 28 1
e 28 8 1
e 10 18 1
e 1 17 1
e 18 17 1
e 13 1 1
e 10 13 1
e 25 27 1
e 17 25 1
e 10 14 1
e 14 20 1
e 20 24 1
e 6 16 1
e 22 16 1
e 30 22 1
e 32 30 1
e 30 26 1
e 30 19 1
e 11 3 1
e 16 11 1
e 33 21 1
e 5 33 1
e 9 34 1
e 15 23 1
e 34 15 1
t # 170
v 9 4
v 2 16
v 11 12
v 6 14
v 8 7
v 0 2
v 7 31
v 1 6
v 4 4
v 3 26
v 10 2
v 5 0
v 12 0
e 2 9 1
e 3 2 1
e 3 11 1
e 11 6 1
e 6 8 1
e 7 0 1
e 8 0 1
e 8 7 1
e 0 1 1
e 1 4 1
e 10 3 1
e 5 10 1
e 12 10 1
t # 171
v 2 32
v 0 6
v 1 10
e 2 0 1
e 0 1 1
t # 172
v 16 60
v 27 21
v 12 2
v 17 31
v 5 18
v 11 2
v 22 2
v 1 3
v 9 26
v 21 31
v 13 6
v 24 33
v 3 0
v 26 0
v 15 3
v 7 2
v 20 26
v 4 25
v 25 14
v 8 0
v 18 29
v 2 29
v 0 14
v 10 16
v 6 4
v 19 10
v 23 26
v 14 10
e 7 16 1
e 16 27 1
e 12 27 1
e 10 12 1
e 17 12 1
e 5 17 1
e 11 5 1
e 22 11 1
e 2 11 1
e 20 22 1
e 1 22 1
e 9 1 1
e 21 9 1
e 13 21 1
e 24 13 1
e 3 24 1
e 26 24 1
e 9 15 1
e 20 7 1
e 15 7 1
e 4 20 1
e 25 4 1
e 18 4 1
e 8 25 1
e 5 0 1
e 0 10 1
e 5 6 1
e 23 19 1
e 27 23 1
e 23 14 1
t # 173
v 2 18
v 0 10
v 4 10
v 3 0
v 1 4
e 3 2 1
e 2 0 1
e 2 4 1
e 2 1 1
t # 174
v 0 1
v 1 10
e 0 1 1
t # 175
v 3 0
v 11 12
v 4 6
v 8 2
v 16 2
v 5 26
v 13 29
v 12 4
v 14 7
v 7 14
v 10 6
v 15 4
v 6 19
v 9 26
v 0 4
v 2 0
v 1 6
e 1 11 1
e 11 4 1
e 4 8 1
e 2 8 1
e 9 16 1
e 5 16 1
e 13 5 1
e 5 12 1
e 16 14 1
e 14 7 1
e 7 10 1
e 10 15 1
e 14 6 1
e 8 9 1
e 9 0 1
e 3 1 1
t # 176
v 15 60
v 18 54
v 9 6
v 7 10
v 14 2
v 4 2
v 23 2
v 17 34
v 6 29
v 19 29
v 24 6
v 13 3
v 16 0
v 2 2
v 12 12
v 22 31
v 5 3
v 26 7
v 25 0
v 8 2
v 1 0
v 20 14
v 21 6
v 11 29
v 10 31
v 3 6
v 0 0
e 14 15 1
e 15 18 1
e 18 9 1
e 9 7 1
e 4 14 1
e 10 14 1
e 23 4 1
e 11 4 1
e 17 23 1
e 2 23 1
e 6 17 1
e 19 17 1
e 24 17 1
e 13 24 1
e 16 13 1
e 21 2 1
e 12 2 1
e 22 12 1
e 5 22 1
e 26 5 1
e 25 26 1
e 26 8 1
e 1 8 1
e 8 20 1
e 20 21 1
e 3 10 1
e 0 3 1
t # 177
v 1 6
v 4 0
v 2 25
v 0 1
v 3 6
v 5 10
e 4 1 1
e 1 2 1
e 0 2 1
e 2 3 1
e 3 5 1
t # 178
v 4 0
v 5 6
v 0 2
v 1 6
v 2 0
v 3 10
e 4 5 1
e 5 0 1
e 1 0 1
e 2 1 1
e 0 3 1
t # 179
v 2 6
v 1 29
v 0 30
e 1 2 1
e 2 0 1
t # 180
v 3 30
v 0 33
v 2 29
v 1 29
e 0 3 1
e 2 0 1
e 1 0 1
t # 181
v 1 0
v 2 12
v 0 36
e 1 2 1
e 2 0 1
t # 182
v 6 6
v 0 32
v 5 20
v 7 6
v 1 32
v 2 6
v 3 32
v 4 10
e 0 6 1
e 6 5 1
e 7 5 1
e 2 5 1
e 1 7 1
e 3 2 1
e 5 4 1
t # 183
v 19 0
v 5 33
v 22 6
v 2 29
v 16 7
v 17 52
v 6 7
v 15 14
v 4 7
v 21 2
v 8 2
v 25 2
v 14 25
v 9 14
v 0 0
v 13 29
v 23 0
v 1 0
v 10 54
v 11 13
v 12 4
v 7 10
v 3 4
v 18 4
v 20 4
v 24 6
e 24 5 1
e 22 5 1
e 2 22 1
e 5 16 1
e 16 17 1
e 17 6 1
e 6 15 1
e 15 4 1
e 8 21 1
e 4 21 1
e 25 8 1
e 1 8 1
e 14 25 1
e 23 25 1
e 9 14 1
e 13 14 1
e 0 9 1
e 11 10 1
e 21 11 1
e 11 12 1
e 10 7 1
e 4 3 1
e 6 18 1
e 16 20 1
e 19 24 1
t # 184
v 2 6
v 1 32
v 0 4
e 1 2 1
e 2 0 1
t # 185
v 0 30
v 1 32
e 1 0 1
t # 186
v 1 29
v 0 30
e 1 0 1
t # 187
v 3 0
v 1 4
v 4 47
v 0 4
v 2 10
v 5 10
e 4 1 1
e 3 4 1
e 4 0 1
e 4 2 1
e 4 5 1
t # 188
v 1 32
v 2 6
v 0 30
e 1 2 1
e 2 0 1
t # 189
v 9 70
v 7 40
v 4 19
v 2 12
v 1 14
v 0 4
v 17 26
v 14 4
v 20 2
v 24 6
v 22 34
v 23 29
v 6 2
v 5 6
v 26 14
v 25 12
v 18 7
v 21 6
v 8 0
v 12 14
v 11 26
v 13 19
v 3 14
v 10 12
v 19 0
v 16 0
v 15 19
e 20 9 1
e 9 7 1
e 9 4 1
e 7 2 1
e 2 1 1
e 17 0 1
e 1 17 1
e 17 14 1
e 24 20 1
e 16 20 1
e 22 24 1
e 23 22 1
e 6 22 1
e 3 22 1
e 11 6 1
e 5 6 1
e 26 5 1
e 25 26 1
e 18 25 1
e 21 18 1
e 8 21 1
e 18 12 1
e 12 11 1
e 11 13 1
e 10 3 1
e 19 10 1
e 9 15 1
t # 190
v 1 0
v 2 6
v 0 25
v 3 1
v 4 36
e 1 2 1
e 2 0 1
e 3 0 1
e 0 4 1
t # 191
v 1 27
v 0 12
v 2 6
v 3 2
v 8 0
v 6 18
v 5 10
v 7 10
v 4 10
e 1 0 1
e 0 2 1
e 2 3 1
e 8 3 1
e 3 6 1
e 6 5 1
e 6 7 1
e 6 4 1
t # 192
v 1 8
v 0 25
v 7 3
v 6 0
v 5 26
v 3 12
v 2 10
v 4 4
e 1 0 1
e 7 0 1
e 6 7 1
e 0 5 1
e 5 3 1
e 3 2 1
e 5 4 1
t # 193
v 2 0
v 4 25
v 3 1
v 0 6
v 1 10
e 2 4 1
e 3 4 1
e 4 0 1
e 0 1 1
t # 194
v 4 29
v 0 28
v 2 26
v 3 4
v 1 10
e 4 0 1
e 0 2 1
e 2 3 1
e 2 1 1
t # 195
v 1 6
v 5 20
v 10 6
v 7 29
v 0 6
v 2 29
v 11 28
v 4 6
v 6 4
v 9 26
v 3 10
v 8 29
e 8 1 1
e 1 5 1
e 10 5 1
e 0 5 1
e 7 10 1
e 2 0 1
e 5 11 1
e 11 4 1
e 9 6 1
e 4 9 1
e 9 3 1
t # 196
v 5 1
v 0 26
v 4 10
v 1 25
v 3 1
v 2 10
e 5 0 1
e 0 4 1
e 0 1 1
e 3 1 1
e 1 2 1
t # 197
v 2 10
v 0 1
v 1 1
e 0 2 1
t # 198
v 4 26
v 2 83
v 5 6
v 3 6
v 6 1
v 0 10
v 1 4
e 2 4 1
e 5 2 1
e 3 2 1
e 6 3 1
e 4 0 1
e 4 1 1
t # 199
v 1 2
v 3 29
v 0 29
v 4 6
v 2 30
e 3 1 1
e 0 1 1
e 1 4 1
e 4 2 1
t # 200
v 4 1
v 2 6
v 3 76
v 1 6
v 7 77
v 0 18
v 5 10
v 6 4
v 8 4
e 4 2 1
e 2 3 1
e 3 1 1
e 1 7 1
e 7 0 1
e 0 5 1
e 0 6 1
e 0 8 1
t # 201
v 12 6
v 1 14
v 10 16
v 13 26
v 7 84
v 6 6
v 11 0
v 0 35
v 3 6
v 8 10
v 5 10
v 9 6
v 4 19
v 14 10
v 2 0
e 2 12 1
e 12 1 1
e 1 10 1
e 10 13 1
e 6 7 1
e 13 7 1
e 11 6 1
e 7 0 1
e 0 3 1
e 3 8 1
e 9 5 1
e 0 9 1
e 0 4 1
e 13 14 1
t # 202
v 1 0
v 0 6
v 2 33
v 5 6
v 6 0
v 4 14
v 3 6
v 7 10
e 1 0 1
e 5 2 1
e 0 2 1
e 6 5 1
e 2 4 1
e 4 3 1
e 3 7 1
t # 203
v 6 26
v 3 21
v 5 13
v 0 2
v 4 7
v 8 29
v 1 28
v 7 4
v 2 10
e 3 6 1
e 5 3 1
e 0 5 1
e 1 0 1
e 4 0 1
e 8 4 1
e 4 1 1
e 6 7 1
e 6 2 1
t # 204
v 3 12
v 4 35
v 0 8
v 5 4
v 2 4
v 1 10
e 4 3 1
e 0 4 1
e 4 5 1
e 4 2 1
e 3 1 1
t # 205
v 1 0
v 3 33
v 0 0
v 2 10
e 1 3 1
e 0 3 1
e 3 2 1
t # 206
v 2 10
v 1 4
v 3 18
v 4 1
v 0 10
e 3 2 1
e 3 1 1
e 4 3 1
e 3 0 1
t # 207
v 0 29
v 3 36
v 2 26
v 1 10
v 4 14
e 2 3 1
e 4 2 1
e 2 1 1
e 0 4 1
t # 208
v 13 0
v 10 2
v 4 0
v 0 12
v 7 28
v 11 15
v 3 58
v 9 2
v 1 6
v 2 29
v 12 12
v 6 14
v 8 6
v 5 4
e 4 10 1
e 13 10 1
e 10 0 1
e 0 7 1
e 7 11 1
e 11 3 1
e 3 9 1
e 1 9 1
e 2 1 1
e 9 12 1
e 12 6 1
e 6 8 1
e 8 5 1
t # 209
v 3 29
v 1 20
v 4 29
v 2 29
v 0 36
e 3 1 1
e 4 1 1
e 2 1 1
e 1 0 1
t # 210
v 8 0
v 11 12
v 2 2
v 12 0
v 0 2
v 3 14
v 5 12
v 4 0
v 1 12
v 10 14
v 7 6
v 9 4
v 13 26
v 6 4
e 8 11 1
e 12 2 1
e 11 2 1
e 2 0 1
e 3 0 1
e 5 3 1
e 4 5 1
e 13 1 1
e 1 10 1
e 10 7 1
e 7 9 1
e 0 13 1
e 13 6 1
t # 211
v 17 2
v 5 0
v 24 20
v 30 6
v 6 2
v 9 6
v 14 14
v 19 12
v 26 6
v 22 51
v 28 6
v 7 0
v 27 14
v 11 2
v 16 12
v 2 14
v 4 2
v 0 51
v 15 26
v 20 6
v 31 6
v 29 6
v 21 2
v 8 26
v 13 29
v 10 4
v 1 12
v 3 14
v 23 6
v 25 4
v 12 26
v 18 4
e 5 17 1
e 24 17 1
e 0 24 1
e 20 24 1
e 30 24 1
e 6 30 1
e 0 6 1
e 9 6 1
e 14 9 1
e 19 14 1
e 26 19 1
e 22 26 1
e 28 22 1
e 7 28 1
e 22 27 1
e 15 11 1
e 22 11 1
e 29 16 1
e 16 2 1
e 31 4 1
e 0 4 1
e 15 0 1
e 27 15 1
e 4 20 1
e 2 31 1
e 11 29 1
e 12 21 1
e 8 21 1
e 13 8 1
e 8 10 1
e 21 1 1
e 1 3 1
e 3 23 1
e 23 25 1
e 17 12 1
e 12 18 1
t # 212
v 6 2
v 7 2
v 20 7
v 30 6
v 13 78
v 21 82
v 19 0
v 32 48
v 18 6
v 8 6
v 26 4
v 27 6
v 35 4
v 31 6
v 36 4
v 38 31
v 9 2
v 10 31
v 5 3
v 28 4
v 33 6
v 2 3
v 23 6
v 3 4
v 14 31
v 34 4
v 0 2
v 22 6
v 15 35
v 25 0
v 11 6
v 4 6
v 17 4
v 29 6
v 1 4
v 12 6
v 37 14
v 24 4
v 16 6
e 18 6 1
e 11 6 1
e 20 7 1
e 4 7 1
e 30 20 1
e 13 30 1
e 21 13 1
e 19 21 1
e 21 32 1
e 32 18 1
e 32 8 1
e 8 26 1
e 32 27 1
e 27 35 1
e 32 31 1
e 31 36 1
e 21 38 1
e 10 9 1
e 38 9 1
e 5 10 1
e 21 5 1
e 33 28 1
e 9 33 1
e 21 2 1
e 2 23 1
e 23 3 1
e 13 14 1
e 14 34 1
e 20 0 1
e 22 0 1
e 15 22 1
e 25 15 1
e 15 11 1
e 15 4 1
e 29 17 1
e 0 29 1
e 12 1 1
e 7 12 1
e 6 37 1
e 16 24 1
e 37 16 1
t # 213
v 0 10
v 1 6
v 2 8
e 1 0 1
e 2 1 1
t # 214
v 6 8
v 5 35
v 0 10
v 4 10
v 1 7
v 2 10
v 3 4
e 6 5 1
e 5 0 1
e 5 4 1
e 5 1 1
e 1 2 1
e 1 3 1
t # 215
v 0 8
v 1 4
e 0 1 1
t # 216
v 0 0
v 1 6
v 2 10
e 0 1 1
e 1 2 1
t # 217
v 8 15
v 12 55
v 17 46
v 2 16
v 6 54
v 14 47
v 18 14
v 15 12
v 16 26
v 10 10
v 3 12
v 13 10
v 4 3
v 7 14
v 0 12
v 5 6
v 11 0
v 1 10
v 9 10
e 4 8 1
e 8 12 1
e 8 17 1
e 17 2 1
e 14 6 1
e 2 6 1
e 18 14 1
e 15 18 1
e 12 15 1
e 6 16 1
e 16 10 1
e 16 3 1
e 3 13 1
e 7 4 1
e 0 7 1
e 5 0 1
e 11 5 1
e 8 1 1
e 8 9 1
t # 218
v 4 0
v 9 25
v 1 0
v 8 25
v 3 7
v 6 0
v 10 14
v 5 25
v 2 6
v 0 10
v 7 6
e 1 9 1
e 4 9 1
e 9 8 1
e 3 8 1
e 6 3 1
e 3 10 1
e 2 5 1
e 10 5 1
e 8 2 1
e 7 0 1
e 5 7 1
t # 219
v 2 0
v 1 10
v 3 6
v 0 16
e 3 1 1
e 0 3 1
e 2 0 1
t # 220
v 32 0
v 27 39
v 62 6
v 52 0
v 20 19
v 83 2
v 55 6
v 68 0
v 11 2
v 69 6
v 14 0
v 70 2
v 24 6
v 34 0
v 28 2
v 60 6
v 4 0
v 63 2
v 13 6
v 42 0
v 16 2
v 2 16
v 41 12
v 23 6
v 71 0
v 49 2
v 12 6
v 75 0
v 5 2
v 61 6
v 7 0
v 36 2
v 30 6
v 72 0
v 31 26
v 80 63
v 25 65
v 84 85
v 64 25
v 50 25
v 18 69
v 37 18
v 8 26
v 58 25
v 65 16
v 40 33
v 6 65
v 81 67
v 26 25
v 9 25
v 3 16
v 66 18
v 67 25
v 43 6
v 19 25
v 15 60
v 33 16
v 76 25
v 29 6
v 51 25
v 57 6
v 74 25
v 21 16
v 0 6
v 73 25
v 48 16
v 17 6
v 10 25
v 82 16
v 47 6
v 45 10
v 59 10
v 22 16
v 54 25
v 1 2
v 56 25
v 39 6
v 38 16
v 53 0
v 44 18
v 46 18
v 77 14
v 78 12
v 35 10
v 79 6
e 79 27 1
e 62 27 1
e 52 62 1
e 27 20 1
e 27 83 1
e 55 83 1
e 68 55 1
e 83 11 1
e 69 11 1
e 14 69 1
e 11 70 1
e 24 70 1
e 34 24 1
e 70 28 1
e 60 28 1
e 4 60 1
e 28 63 1
e 13 63 1
e 42 13 1
e 63 16 1
e 2 16 1
e 41 2 1
e 23 41 1
e 71 23 1
e 16 49 1
e 12 49 1
e 75 12 1
e 49 5 1
e 61 5 1
e 7 61 1
e 5 36 1
e 30 36 1
e 72 30 1
e 36 31 1
e 31 80 1
e 80 25 1
e 46 84 1
e 81 64 1
e 84 64 1
e 81 50 1
e 84 50 1
e 0 18 1
e 29 18 1
e 26 18 1
e 17 18 1
e 57 18 1
e 54 18 1
e 15 18 1
e 64 18 1
e 43 18 1
e 46 18 1
e 66 18 1
e 44 18 1
e 8 18 1
e 37 18 1
e 47 18 1
e 50 37 1
e 58 8 1
e 84 58 1
e 65 58 1
e 40 65 1
e 81 40 1
e 81 6 1
e 31 81 1
e 81 26 1
e 84 26 1
e 81 9 1
e 84 9 1
e 9 3 1
e 3 66 1
e 81 67 1
e 84 67 1
e 67 43 1
e 81 19 1
e 84 19 1
e 19 15 1
e 81 33 1
e 84 76 1
e 33 76 1
e 76 29 1
e 81 51 1
e 84 51 1
e 51 57 1
e 81 74 1
e 84 74 1
e 74 21 1
e 21 0 1
e 81 73 1
e 84 73 1
e 73 48 1
e 48 17 1
e 81 10 1
e 84 10 1
e 10 82 1
e 82 47 1
e 81 45 1
e 81 59 1
e 6 22 1
e 22 54 1
e 84 54 1
e 56 1 1
e 8 1 1
e 39 56 1
e 84 56 1
e 38 39 1
e 53 38 1
e 1 44 1
e 25 46 1
e 18 77 1
e 77 78 1
e 78 35 1
e 32 79 1
t # 221
v 11 6
v 6 51
v 7 4
v 8 47
v 5 4
v 1 10
v 12 10
v 2 4
v 4 80
v 3 86
v 9 6
v 10 10
v 0 8
e 0 11 1
e 11 6 1
e 8 7 1
e 6 8 1
e 8 5 1
e 8 1 1
e 8 12 1
e 6 2 1
e 6 4 1
e 4 3 1
e 3 9 1
e 9 10 1
t # 222
v 32 0
v 0 6
v 38 2
v 39 6
v 28 0
v 43 3
v 35 6
v 26 10
v 2 2
v 4 6
v 41 0
v 36 6
v 31 0
v 20 3
v 48 6
v 19 10
v 24 0
v 27 6
v 13 2
v 21 6
v 3 0
v 50 3
v 51 6
v 34 10
v 37 2
v 49 6
v 29 0
v 23 6
v 53 0
v 5 3
v 44 6
v 52 10
v 25 0
v 10 6
v 33 2
v 46 6
v 42 0
v 1 3
v 30 6
v 17 10
v 14 2
v 16 6
v 15 0
v 45 6
v 47 0
v 40 3
v 6 6
v 9 10
v 7 0
v 54 6
v 8 2
v 22 6
v 55 0
v 18 3
v 11 6
v 12 10
e 32 0 1
e 39 38 1
e 0 38 1
e 28 39 1
e 38 43 1
e 43 35 1
e 35 26 1
e 4 2 1
e 36 2 1
e 41 4 1
e 31 36 1
e 2 20 1
e 20 48 1
e 48 19 1
e 24 27 1
e 21 13 1
e 27 13 1
e 3 21 1
e 13 50 1
e 50 51 1
e 51 34 1
e 49 37 1
e 23 37 1
e 29 49 1
e 53 23 1
e 37 5 1
e 5 44 1
e 44 52 1
e 25 10 1
e 46 33 1
e 10 33 1
e 42 46 1
e 33 1 1
e 1 30 1
e 30 17 1
e 16 14 1
e 45 14 1
e 15 16 1
e 47 45 1
e 14 40 1
e 40 6 1
e 6 9 1
e 7 54 1
e 22 8 1
e 54 8 1
e 55 22 1
e 8 18 1
e 18 11 1
e 11 12 1
t # 223
v 0 8
v 3 6
v 2 7
v 4 10
v 1 4
e 0 3 1
e 3 2 1
e 2 4 1
e 2 1 1
t # 224
v 0 0
v 6 10
v 7 47
v 5 10
v 1 31
v 8 34
v 2 0
v 9 31
v 10 26
v 3 10
v 4 10
e 7 6 1
e 0 7 1
e 7 5 1
e 7 1 1
e 2 8 1
e 9 8 1
e 1 8 1
e 7 9 1
e 8 10 1
e 10 3 1
e 10 4 1
t # 225
v 5 26
v 10 4
v 11 2
v 7 4
v 2 26
v 14 2
v 0 4
v 6 26
v 1 0
v 8 4
v 3 26
v 12 0
v 9 4
v 4 6
v 13 0
e 13 5 1
e 5 10 1
e 5 11 1
e 2 11 1
e 2 7 1
e 14 2 1
e 6 14 1
e 3 14 1
e 6 0 1
e 1 6 1
e 3 8 1
e 12 3 1
e 4 9 1
e 11 4 1
t # 226
v 2 41
v 10 40
v 14 19
v 11 12
v 3 14
v 4 4
v 19 26
v 8 4
v 9 2
v 1 6
v 5 34
v 20 29
v 17 2
v 18 6
v 15 14
v 7 12
v 13 7
v 22 6
v 21 0
v 0 14
v 16 6
v 6 0
v 12 0
e 9 2 1
e 2 10 1
e 2 14 1
e 10 11 1
e 11 3 1
e 19 4 1
e 3 19 1
e 19 8 1
e 1 9 1
e 12 9 1
e 5 1 1
e 20 5 1
e 17 5 1
e 6 5 1
e 16 17 1
e 18 17 1
e 15 18 1
e 7 15 1
e 13 7 1
e 22 13 1
e 21 22 1
e 13 0 1
e 0 16 1
t # 227
v 9 29
v 2 7
v 5 6
v 1 31
v 8 2
v 0 29
v 6 25
v 3 28
v 10 26
v 4 10
v 7 10
e 9 2 1
e 2 5 1
e 5 1 1
e 1 8 1
e 0 8 1
e 3 6 1
e 8 6 1
e 2 3 1
e 6 10 1
e 10 4 1
e 10 7 1
t # 228
v 1 0
v 5 2
v 4 18
v 0 26
v 6 10
v 2 10
v 3 4
e 4 5 1
e 1 4 1
e 4 0 1
e 0 6 1
e 0 2 1
e 5 3 1
t # 229
v 3 8
v 0 10
v 8 44
v 9 10
v 6 10
v 2 10
v 4 10
v 7 10
v 5 10
v 1 30
e 8 0 1
e 3 8 1
e 8 9 1
e 8 6 1
e 8 2 1
e 8 4 1
e 8 7 1
e 8 5 1
e 8 1 1
t # 230
v 17 14
v 5 34
v 2 34
v 9 2
v 28 2
v 10 25
v 3 14
v 24 3
v 20 0
v 4 3
v 26 29
v 8 6
v 22 14
v 14 2
v 32 0
v 23 0
v 11 31
v 19 6
v 33 0
v 1 29
v 25 29
v 21 29
v 6 29
v 7 34
v 18 31
v 29 29
v 27 29
v 0 2
v 30 29
v 16 6
v 15 6
v 12 10
v 13 26
v 31 4
e 5 17 1
e 2 5 1
e 21 5 1
e 6 5 1
e 9 2 1
e 1 2 1
e 25 2 1
e 28 9 1
e 11 9 1
e 10 28 1
e 8 28 1
e 3 10 1
e 4 10 1
e 24 3 1
e 20 24 1
e 26 4 1
e 22 8 1
e 14 22 1
e 32 14 1
e 23 14 1
e 19 11 1
e 33 19 1
e 13 7 1
e 18 7 1
e 27 7 1
e 29 18 1
e 7 0 1
e 30 0 1
e 0 16 1
e 16 15 1
e 15 12 1
e 17 13 1
e 13 31 1
t # 231
v 0 0
v 4 39
v 14 18
v 13 20
v 8 39
v 12 6
v 11 25
v 2 14
v 9 0
v 15 29
v 10 6
v 7 33
v 3 6
v 5 14
v 6 10
v 1 6
e 14 4 1
e 0 14 1
e 4 13 1
e 1 13 1
e 12 8 1
e 13 8 1
e 11 12 1
e 2 11 1
e 15 11 1
e 9 2 1
e 8 10 1
e 3 7 1
e 10 7 1
e 8 3 1
e 7 5 1
e 5 6 1
e 14 1 1
t # 232
v 0 6
v 10 14
v 3 10
v 7 18
v 1 10
v 8 10
v 2 34
v 4 29
v 9 28
v 5 29
v 6 0
e 2 0 1
e 0 10 1
e 7 3 1
e 10 7 1
e 7 1 1
e 7 8 1
e 4 2 1
e 9 2 1
e 6 2 1
e 5 9 1
t # 233
v 5 25
v 1 8
v 7 6
v 3 29
v 6 28
v 8 25
v 0 29
v 2 4
v 4 6
e 1 5 1
e 7 5 1
e 3 7 1
e 5 6 1
e 6 8 1
e 0 8 1
e 4 2 1
e 8 4 1
t # 234
v 11 13
v 9 21
v 12 2
v 3 29
v 6 14
v 2 16
v 15 26
v 13 10
v 10 2
v 4 18
v 16 10
v 0 26
v 17 4
v 1 4
v 5 25
v 8 14
v 14 0
v 7 29
e 5 11 1
e 11 9 1
e 9 12 1
e 3 12 1
e 4 6 1
e 6 2 1
e 2 15 1
e 15 13 1
e 4 10 1
e 15 10 1
e 12 4 1
e 4 16 1
e 10 0 1
e 0 17 1
e 0 1 1
e 8 5 1
e 7 5 1
e 14 8 1
t # 235
v 1 29
v 7 58
v 0 29
v 17 29
v 11 29
v 9 29
v 5 29
v 16 29
v 12 29
v 15 29
v 8 29
v 2 29
v 13 29
v 10 29
v 3 26
v 14 10
v 4 12
v 6 10
e 17 7 1
e 9 7 1
e 0 7 1
e 15 7 1
e 11 7 1
e 10 7 1
e 8 7 1
e 5 7 1
e 13 7 1
e 2 7 1
e 1 7 1
e 12 7 1
e 16 7 1
e 7 3 1
e 3 14 1
e 3 4 1
e 4 6 1
t # 236
v 6 29
v 4 46
v 7 29
v 3 29
v 1 29
v 0 26
v 5 10
v 8 12
v 2 10
e 6 4 1
e 7 4 1
e 3 4 1
e 1 4 1
e 4 0 1
e 0 5 1
e 0 8 1
e 8 2 1
t # 237
v 20 10
v 23 6
v 5 54
v 22 60
v 4 34
v 18 34
v 9 34
v 10 2
v 14 25
v 6 14
v 3 0
v 19 29
v 11 14
v 2 3
v 13 29
v 8 31
v 16 3
v 21 0
v 17 6
v 15 0
v 12 29
v 0 29
v 1 29
v 7 29
e 23 20 1
e 5 23 1
e 22 5 1
e 4 22 1
e 18 4 1
e 1 4 1
e 7 4 1
e 9 18 1
e 12 18 1
e 0 18 1
e 10 9 1
e 8 9 1
e 17 9 1
e 14 10 1
e 11 10 1
e 6 14 1
e 19 14 1
e 3 6 1
e 2 11 1
e 13 2 1
e 16 8 1
e 21 16 1
e 15 17 1
t # 238
v 0 10
v 6 87
v 14 40
v 15 47
v 11 6
v 16 14
v 10 12
v 2 10
v 1 6
v 19 34
v 3 25
v 5 6
v 20 0
v 9 6
v 7 0
v 4 2
v 18 0
v 8 0
v 12 0
v 13 10
v 17 10
e 6 0 1
e 1 6 1
e 6 14 1
e 15 14 1
e 11 14 1
e 6 15 1
e 6 11 1
e 14 16 1
e 16 10 1
e 10 2 1
e 19 1 1
e 3 19 1
e 4 19 1
e 12 19 1
e 5 3 1
e 9 3 1
e 20 5 1
e 7 9 1
e 18 4 1
e 8 4 1
e 6 13 1
e 6 17 1
t # 239
v 9 0
v 4 6
v 13 25
v 10 1
v 1 25
v 14 1
v 3 7
v 7 6
v 5 33
v 8 6
v 6 39
v 2 1
v 11 38
v 0 14
v 12 10
e 9 4 1
e 10 13 1
e 4 13 1
e 13 1 1
e 14 1 1
e 1 3 1
e 3 7 1
e 8 5 1
e 7 5 1
e 6 8 1
e 2 6 1
e 3 6 1
e 6 11 1
e 5 0 1
e 0 12 1
t # 240
v 2 8
v 1 31
v 3 6
v 18 2
v 16 16
v 5 47
v 9 48
v 20 10
v 17 10
v 4 10
v 21 33
v 14 7
v 8 31
v 19 6
v 7 25
v 11 16
v 15 26
v 6 31
v 12 6
v 10 10
v 0 10
v 13 10
e 5 1 1
e 1 3 1
e 16 18 1
e 3 18 1
e 5 16 1
e 9 5 1
e 2 9 1
e 9 20 1
e 9 17 1
e 9 4 1
e 5 21 1
e 18 21 1
e 21 14 1
e 14 8 1
e 8 19 1
e 19 7 1
e 11 7 1
e 14 11 1
e 7 15 1
e 15 6 1
e 6 12 1
e 12 10 1
e 15 0 1
e 5 13 1
t # 241
v 1 0
v 0 36
e 1 0 1
t # 242
v 0 16
v 3 25
v 12 1
v 4 39
v 10 1
v 9 29
v 1 14
v 11 16
v 8 36
v 2 26
v 5 4
v 7 36
v 6 6
e 3 0 1
e 12 3 1
e 4 3 1
e 10 4 1
e 9 4 1
e 4 1 1
e 1 11 1
e 2 8 1
e 11 2 1
e 2 5 1
e 6 7 1
e 0 6 1
t # 243
v 3 10
v 5 2
v 2 47
v 0 1
v 4 4
v 1 10
e 2 3 1
e 2 5 1
e 0 2 1
e 2 4 1
e 5 1 1
t # 244
v 0 74
v 1 0
e 1 0 1
t # 245
v 4 10
v 2 35
v 0 8
v 1 4
v 3 4
e 2 4 1
e 0 2 1
e 2 1 1
e 2 3 1
t # 246
v 1 0
v 15 22
v 12 0
v 9 0
v 13 0
v 11 0
v 6 0
v 14 0
v 4 0
v 3 0
v 2 0
v 5 0
v 10 14
v 7 7
v 0 4
v 8 10
e 4 15 1
e 13 15 1
e 6 15 1
e 3 15 1
e 14 15 1
e 1 15 1
e 9 15 1
e 11 15 1
e 5 15 1
e 2 15 1
e 12 15 1
e 15 10 1
e 10 7 1
e 7 0 1
e 7 8 1
t # 247
v 2 20
v 1 0
v 4 0
v 0 0
v 3 10
e 1 2 1
e 4 2 1
e 0 2 1
e 2 3 1
t # 248
v 5 18
v 3 83
v 7 6
v 2 6
v 4 1
v 6 10
v 0 4
v 1 4
e 3 5 1
e 7 3 1
e 2 3 1
e 4 2 1
e 5 6 1
e 5 0 1
e 5 1 1
t # 249
v 5 6
v 7 14
v 10 16
v 0 26
v 1 84
v 8 6
v 6 0
v 13 35
v 11 26
v 3 10
v 12 10
v 9 10
v 15 26
v 14 10
v 4 19
v 16 10
v 2 0
e 2 5 1
e 5 7 1
e 7 10 1
e 10 0 1
e 8 1 1
e 0 1 1
e 6 8 1
e 1 13 1
e 13 11 1
e 11 3 1
e 11 12 1
e 15 9 1
e 13 15 1
e 15 14 1
e 13 4 1
e 0 16 1
t # 250
v 1 8
v 0 78
v 5 10
v 3 7
v 4 10
v 2 4
e 1 0 1
e 0 5 1
e 0 3 1
e 3 4 1
e 3 2 1
t # 251
v 8 29
v 15 22
v 9 29
v 13 29
v 5 29
v 10 29
v 4 29
v 7 29
v 11 29
v 0 29
v 3 29
v 1 29
v 6 26
v 14 10
v 2 12
v 12 10
e 11 15 1
e 1 15 1
e 0 15 1
e 10 15 1
e 9 15 1
e 5 15 1
e 13 15 1
e 7 15 1
e 3 15 1
e 8 15 1
e 4 15 1
e 15 6 1
e 6 14 1
e 6 2 1
e 2 12 1
t # 252
v 5 0
v 2 26
v 4 10
v 3 31
v 0 26
v 1 10
v 6 10
e 5 2 1
e 2 4 1
e 2 3 1
e 3 0 1
e 0 1 1
e 0 6 1
t # 253
v 8 26
v 6 12
v 0 2
v 3 6
v 14 29
v 12 14
v 4 6
v 2 4
v 1 14
v 13 6
v 7 28
v 9 2
v 5 0
v 11 0
v 10 19
e 1 8 1
e 8 6 1
e 6 0 1
e 3 0 1
e 14 3 1
e 0 12 1
e 12 4 1
e 4 2 1
e 13 1 1
e 7 13 1
e 9 7 1
e 5 9 1
e 11 9 1
e 8 10 1
t # 254
v 3 6
v 8 0
v 9 2
v 4 26
v 5 34
v 2 12
v 11 28
v 1 47
v 6 27
v 12 10
v 7 12
v 0 10
v 10 10
e 8 3 1
e 4 9 1
e 3 9 1
e 5 4 1
e 11 5 1
e 7 5 1
e 2 5 1
e 1 2 1
e 1 11 1
e 6 1 1
e 1 12 1
e 1 7 1
e 4 0 1
e 9 10 1
t # 255
v 3 2
v 0 61
v 5 44
v 4 12
v 8 2
v 1 6
v 10 29
v 11 14
v 7 6
v 9 4
v 2 0
v 6 0
e 2 3 1
e 6 3 1
e 5 0 1
e 3 5 1
e 0 4 1
e 4 8 1
e 1 8 1
e 10 1 1
e 8 11 1
e 11 7 1
e 7 9 1
t # 256
v 5 0
v 11 33
v 0 26
v 7 34
v 4 0
v 6 0
v 1 12
v 2 14
v 8 7
v 9 2
v 10 31
v 12 6
v 3 4
e 0 11 1
e 7 0 1
e 4 7 1
e 5 7 1
e 6 7 1
e 11 1 1
e 1 2 1
e 2 8 1
e 10 9 1
e 8 9 1
e 8 10 1
e 9 12 1
e 12 3 1
t # 257
v 19 8
v 18 31
v 16 6
v 7 2
v 4 16
v 10 47
v 21 48
v 5 10
v 15 6
v 25 10
v 20 10
v 1 33
v 0 7
v 22 31
v 6 6
v 12 25
v 14 16
v 11 26
v 23 31
v 2 6
v 17 10
v 8 14
v 13 7
v 9 10
v 3 10
v 24 10
e 10 18 1
e 18 16 1
e 4 7 1
e 16 7 1
e 10 4 1
e 21 10 1
e 19 21 1
e 21 5 1
e 21 15 1
e 15 25 1
e 21 20 1
e 10 1 1
e 7 1 1
e 1 0 1
e 0 22 1
e 22 6 1
e 6 12 1
e 14 12 1
e 0 14 1
e 12 11 1
e 11 23 1
e 23 2 1
e 2 17 1
e 11 8 1
e 8 13 1
e 13 9 1
e 13 3 1
e 10 24 1
t # 258
v 0 2
v 13 2
v 9 6
v 1 14
v 21 12
v 12 7
v 6 6
v 10 0
v 3 14
v 16 26
v 5 19
v 17 0
v 8 19
v 19 26
v 11 2
v 14 26
v 15 29
v 20 19
v 4 12
v 18 14
v 7 6
v 2 4
e 13 0 1
e 17 0 1
e 16 13 1
e 9 13 1
e 1 9 1
e 21 1 1
e 12 21 1
e 6 12 1
e 10 6 1
e 12 3 1
e 3 16 1
e 16 5 1
e 19 8 1
e 0 19 1
e 19 11 1
e 14 11 1
e 15 14 1
e 14 20 1
e 11 4 1
e 4 18 1
e 18 7 1
e 7 2 1
t # 259
v 1 25
v 3 29
v 4 28
v 2 29
v 5 6
v 0 10
e 3 1 1
e 4 1 1
e 2 4 1
e 1 5 1
e 5 0 1
t # 260
v 0 8
v 1 10
e 0 1 1
t # 261
v 2 0
v 5 14
v 1 16
v 4 4
v 3 26
v 6 28
v 0 4
e 3 5 1
e 5 1 1
e 1 4 1
e 2 3 1
e 3 6 1
e 6 0 1
t # 262
v 0 6
v 1 25
v 4 29
v 2 29
v 3 10
e 1 0 1
e 4 1 1
e 2 1 1
e 0 3 1
t # 263
v 4 0
v 5 6
v 1 25
v 0 6
v 2 0
v 6 14
v 3 12
v 7 10
e 4 5 1
e 0 1 1
e 5 1 1
e 2 0 1
e 1 6 1
e 6 3 1
e 3 7 1
t # 264
v 21 8
v 12 64
v 2 56
v 19 47
v 1 6
v 11 6
v 26 44
v 25 6
v 20 6
v 23 25
v 17 6
v 22 6
v 10 16
v 13 88
v 9 3
v 6 0
v 18 0
v 28 0
v 30 0
v 24 0
v 5 0
v 0 0
v 29 0
v 8 0
v 3 0
v 27 0
v 15 10
v 14 12
v 31 10
v 16 10
v 4 14
v 7 12
v 32 10
e 2 12 1
e 25 12 1
e 20 12 1
e 1 12 1
e 19 12 1
e 17 12 1
e 11 12 1
e 26 12 1
e 22 12 1
e 10 2 1
e 2 19 1
e 2 1 1
e 2 11 1
e 2 26 1
e 2 25 1
e 2 20 1
e 2 23 1
e 21 23 1
e 23 17 1
e 2 22 1
e 13 10 1
e 27 13 1
e 8 13 1
e 30 13 1
e 9 13 1
e 29 13 1
e 24 13 1
e 28 13 1
e 0 13 1
e 18 13 1
e 5 13 1
e 3 13 1
e 6 9 1
e 2 15 1
e 2 14 1
e 14 31 1
e 2 16 1
e 12 4 1
e 4 7 1
e 7 32 1
t # 265
v 20 14
v 18 25
v 19 0
v 23 2
v 13 29
v 1 14
v 17 6
v 9 0
v 8 50
v 14 3
v 26 31
v 5 2
v 10 31
v 25 34
v 3 6
v 22 3
v 2 54
v 28 60
v 15 16
v 6 14
v 11 6
v 7 2
v 4 6
v 21 14
v 0 0
v 29 6
v 12 6
v 24 10
v 27 6
v 16 6
e 18 20 1
e 19 18 1
e 23 18 1
e 13 23 1
e 1 23 1
e 17 1 1
e 9 17 1
e 20 8 1
e 8 14 1
e 14 26 1
e 26 5 1
e 10 5 1
e 8 10 1
e 8 25 1
e 16 25 1
e 3 25 1
e 22 3 1
e 8 22 1
e 28 2 1
e 25 28 1
e 27 15 1
e 15 6 1
e 6 11 1
e 4 7 1
e 11 7 1
e 21 4 1
e 0 21 1
e 7 29 1
e 29 12 1
e 12 24 1
e 2 27 1
e 5 16 1
t # 266
v 0 10
v 2 26
v 1 8
v 3 30
e 2 0 1
e 1 2 1
e 2 3 1

